image_name,Type_1,Type_2,Type_3
0.jpg,0.0937623,0.621327,0.284911
1.jpg,0.0785761,0.545597,0.375827
2.jpg,0.079689,0.557177,0.363134
3.jpg,0.0868633,0.594067,0.31907
4.jpg,0.0768707,0.538636,0.384493
5.jpg,0.0742625,0.473686,0.452051
6.jpg,0.0630293,0.534344,0.402627
7.jpg,0.0845793,0.530329,0.385092
8.jpg,0.104027,0.612438,0.283535
9.jpg,0.0826053,0.540932,0.376462
10.jpg,0.0759785,0.507664,0.416358
11.jpg,0.0751472,0.496573,0.42828
12.jpg,0.0680918,0.550358,0.38155
13.jpg,0.0651735,0.509091,0.425736
14.jpg,0.0676185,0.543654,0.388727
15.jpg,0.0894695,0.519612,0.390919
16.jpg,0.0547388,0.47647,0.468791
17.jpg,0.0657539,0.599822,0.334424
18.jpg,0.0584989,0.491202,0.450299
19.jpg,0.0681016,0.468766,0.463132
20.jpg,0.0736796,0.478948,0.447372
21.jpg,0.073145,0.503204,0.423651
22.jpg,0.071564,0.540616,0.38782
23.jpg,0.073494,0.57128,0.355226
24.jpg,0.075518,0.547576,0.376906
25.jpg,0.0681326,0.548891,0.382976
26.jpg,0.0708198,0.494323,0.434857
27.jpg,0.100274,0.619253,0.280473
28.jpg,0.0821018,0.548685,0.369213
29.jpg,0.0922021,0.595336,0.312462
30.jpg,0.0759219,0.583647,0.340431
31.jpg,0.0597307,0.484957,0.455312
32.jpg,0.0563905,0.460255,0.483354
33.jpg,0.0646273,0.490173,0.445199
34.jpg,0.051312,0.508338,0.44035
35.jpg,0.0951668,0.572714,0.33212
36.jpg,0.0861973,0.551512,0.362291
37.jpg,0.0950096,0.567572,0.337418
38.jpg,0.0766643,0.544897,0.378439
39.jpg,0.0825872,0.556834,0.360579
40.jpg,0.0806028,0.450417,0.46898
41.jpg,0.0865454,0.544115,0.36934
42.jpg,0.0897253,0.546889,0.363386
43.jpg,0.0999769,0.601598,0.298425
44.jpg,0.065564,0.574006,0.36043
45.jpg,0.0846786,0.602375,0.312946
46.jpg,0.0742506,0.545478,0.380272
47.jpg,0.0896285,0.541772,0.368599
48.jpg,0.0835679,0.590026,0.326406
49.jpg,0.0987294,0.563214,0.338056
50.jpg,0.069648,0.498402,0.43195
51.jpg,0.0724263,0.502484,0.42509
52.jpg,0.0807073,0.559898,0.359395
53.jpg,0.0649614,0.52091,0.414129
54.jpg,0.0659169,0.514955,0.419129
55.jpg,0.0730928,0.548754,0.378154
56.jpg,0.0786086,0.468454,0.452937
57.jpg,0.103641,0.572009,0.324351
58.jpg,0.0466987,0.487055,0.466246
59.jpg,0.0637962,0.464138,0.472066
60.jpg,0.0661272,0.569334,0.364539
61.jpg,0.0892594,0.589982,0.320758
62.jpg,0.0522858,0.470949,0.476765
63.jpg,0.0909395,0.581567,0.327494
64.jpg,0.0782658,0.532619,0.389116
65.jpg,0.0907642,0.56141,0.347825
66.jpg,0.10679,0.486423,0.406787
67.jpg,0.0802995,0.569844,0.349857
68.jpg,0.083762,0.580713,0.335525
69.jpg,0.094243,0.582829,0.322928
70.jpg,0.061333,0.524355,0.414311
71.jpg,0.0766741,0.492719,0.430607
72.jpg,0.0979093,0.612544,0.289547
73.jpg,0.071496,0.583291,0.345213
74.jpg,0.074091,0.538666,0.387243
75.jpg,0.0867851,0.542742,0.370472
76.jpg,0.10167,0.578601,0.31973
77.jpg,0.0663189,0.566901,0.36678
78.jpg,0.0630247,0.511303,0.425672
79.jpg,0.068815,0.495323,0.435862
80.jpg,0.0911618,0.591258,0.31758
81.jpg,0.0502541,0.488525,0.461221
82.jpg,0.0863984,0.568609,0.344993
83.jpg,0.070826,0.584797,0.344377
84.jpg,0.074599,0.537987,0.387414
85.jpg,0.0698413,0.5264,0.403758
86.jpg,0.0603416,0.507462,0.432196
87.jpg,0.088917,0.627364,0.283719
88.jpg,0.0721021,0.554696,0.373202
89.jpg,0.0840271,0.614691,0.301282
90.jpg,0.0828758,0.539262,0.377862
91.jpg,0.0804118,0.535416,0.384172
92.jpg,0.0743354,0.544034,0.38163
93.jpg,0.0910255,0.555048,0.353927
94.jpg,0.0913798,0.605214,0.303406
95.jpg,0.0790722,0.564704,0.356224
96.jpg,0.0845701,0.484865,0.430565
97.jpg,0.0952263,0.608139,0.296635
98.jpg,0.100396,0.500586,0.399018
99.jpg,0.0859649,0.515938,0.398097
100.jpg,0.0758006,0.546443,0.377756
101.jpg,0.0720589,0.564701,0.36324
102.jpg,0.0731965,0.562414,0.364389
103.jpg,0.0699356,0.53456,0.395505
104.jpg,0.0797806,0.526596,0.393624
105.jpg,0.0807468,0.571088,0.348165
106.jpg,0.0867324,0.558004,0.355263
107.jpg,0.0716687,0.473861,0.45447
108.jpg,0.0938576,0.574678,0.331464
109.jpg,0.0890705,0.590965,0.319965
110.jpg,0.0705471,0.571461,0.357992
111.jpg,0.0799249,0.59096,0.329115
112.jpg,0.0788692,0.546897,0.374233
113.jpg,0.0778003,0.553303,0.368897
114.jpg,0.109815,0.610553,0.279633
115.jpg,0.0839165,0.585586,0.330497
116.jpg,0.0679373,0.518292,0.41377
117.jpg,0.0802362,0.538522,0.381242
118.jpg,0.0734691,0.574703,0.351827
119.jpg,0.0575215,0.438064,0.504414
120.jpg,0.0819477,0.577221,0.340831
121.jpg,0.0605765,0.548872,0.390552
122.jpg,0.0670343,0.551812,0.381153
123.jpg,0.0814677,0.529304,0.389228
124.jpg,0.0726437,0.576327,0.351029
125.jpg,0.0887041,0.550541,0.360755
126.jpg,0.0898011,0.522863,0.387336
127.jpg,0.084713,0.590394,0.324893
128.jpg,0.0940977,0.582773,0.323129
129.jpg,0.0683787,0.48101,0.450611
130.jpg,0.0822202,0.578624,0.339156
131.jpg,0.0709667,0.497738,0.431295
132.jpg,0.0737231,0.466421,0.459855
133.jpg,0.0744668,0.577753,0.34778
134.jpg,0.0796508,0.536421,0.383928
135.jpg,0.0532099,0.544187,0.402603
136.jpg,0.084374,0.522187,0.393439
137.jpg,0.0595156,0.514048,0.426437
138.jpg,0.107011,0.512475,0.380513
139.jpg,0.0887311,0.605772,0.305497
140.jpg,0.0678001,0.557999,0.374201
141.jpg,0.0660679,0.550079,0.383853
142.jpg,0.0880542,0.528277,0.383668
143.jpg,0.0714727,0.562688,0.36584
144.jpg,0.0754668,0.523675,0.400858
145.jpg,0.0644907,0.550371,0.385138
146.jpg,0.065606,0.553424,0.38097
147.jpg,0.0805309,0.559746,0.359723
148.jpg,0.0744662,0.616992,0.308542
149.jpg,0.0572138,0.557167,0.38562
150.jpg,0.0858014,0.577423,0.336775
151.jpg,0.054004,0.519347,0.426649
152.jpg,0.0771466,0.509737,0.413116
153.jpg,0.0660084,0.546614,0.387378
154.jpg,0.0859244,0.572929,0.341146
155.jpg,0.0727235,0.527067,0.40021
156.jpg,0.0901503,0.609998,0.299851
157.jpg,0.0753257,0.555812,0.368862
158.jpg,0.082469,0.525203,0.392329
159.jpg,0.0957944,0.598563,0.305643
160.jpg,0.0818651,0.562803,0.355332
161.jpg,0.0868974,0.522378,0.390725
162.jpg,0.0893996,0.59557,0.31503
163.jpg,0.0879099,0.532465,0.379625
164.jpg,0.0892801,0.607728,0.302992
165.jpg,0.0711136,0.452897,0.47599
166.jpg,0.0562085,0.482374,0.461417
167.jpg,0.0795267,0.549534,0.370939
168.jpg,0.0777912,0.578326,0.343883
169.jpg,0.0731732,0.457877,0.46895
170.jpg,0.102542,0.599431,0.298028
171.jpg,0.0550595,0.467725,0.477215
172.jpg,0.0843399,0.541635,0.374025
173.jpg,0.0605389,0.497507,0.441954
174.jpg,0.0494619,0.460519,0.490019
175.jpg,0.0826885,0.446946,0.470366
176.jpg,0.0742022,0.510664,0.415134
177.jpg,0.0840961,0.566239,0.349665
178.jpg,0.0636632,0.482257,0.454079
179.jpg,0.105342,0.495457,0.399201
180.jpg,0.0921334,0.587416,0.320451
181.jpg,0.089453,0.539582,0.370965
182.jpg,0.061063,0.513006,0.425931
183.jpg,0.0864999,0.507506,0.405994
184.jpg,0.0842057,0.533372,0.382422
185.jpg,0.0765322,0.570733,0.352735
186.jpg,0.0885188,0.600368,0.311113
187.jpg,0.0676699,0.552011,0.380319
188.jpg,0.0691144,0.491716,0.43917
189.jpg,0.0728964,0.478437,0.448667
190.jpg,0.074248,0.475237,0.450515
191.jpg,0.0530269,0.486711,0.460262
192.jpg,0.0656931,0.606536,0.327771
193.jpg,0.0851707,0.569172,0.345657
194.jpg,0.0873881,0.555409,0.357203
195.jpg,0.084056,0.597508,0.318436
196.jpg,0.0617976,0.45309,0.485112
197.jpg,0.0996136,0.603796,0.29659
198.jpg,0.0574747,0.534189,0.408337
199.jpg,0.0671005,0.608696,0.324204
200.jpg,0.091964,0.540642,0.367395
201.jpg,0.0926393,0.56858,0.33878
202.jpg,0.0679439,0.53567,0.396387
203.jpg,0.0515689,0.501924,0.446507
204.jpg,0.067181,0.536846,0.395973
205.jpg,0.0918455,0.596199,0.311955
206.jpg,0.0746591,0.615537,0.309804
207.jpg,0.0703811,0.545962,0.383657
208.jpg,0.0750155,0.523847,0.401138
209.jpg,0.11546,0.558131,0.326409
210.jpg,0.0604195,0.532126,0.407454
211.jpg,0.0706527,0.513836,0.415511
212.jpg,0.0678208,0.503987,0.428192
213.jpg,0.0805587,0.546452,0.372989
214.jpg,0.0798956,0.573751,0.346353
215.jpg,0.0774527,0.546628,0.375919
216.jpg,0.0796627,0.482398,0.437939
217.jpg,0.0779994,0.565702,0.356298
218.jpg,0.0860026,0.585277,0.328721
219.jpg,0.0969347,0.553359,0.349706
220.jpg,0.105105,0.624759,0.270136
221.jpg,0.0569475,0.501371,0.441682
222.jpg,0.0721078,0.513599,0.414294
223.jpg,0.0746665,0.493906,0.431428
224.jpg,0.0809327,0.589499,0.329568
225.jpg,0.0851689,0.595371,0.31946
226.jpg,0.0788077,0.605069,0.316124
227.jpg,0.0723604,0.454218,0.473422
228.jpg,0.0879898,0.599403,0.312607
229.jpg,0.105658,0.591506,0.302836
230.jpg,0.0584685,0.514953,0.426579
231.jpg,0.0645329,0.502867,0.4326
232.jpg,0.0802594,0.471489,0.448252
233.jpg,0.0846122,0.557002,0.358385
234.jpg,0.0787024,0.560468,0.36083
235.jpg,0.074421,0.539042,0.386537
236.jpg,0.0763566,0.559189,0.364454
237.jpg,0.0851796,0.561895,0.352926
238.jpg,0.0875551,0.595511,0.316934
239.jpg,0.0943095,0.606011,0.299679
240.jpg,0.0679455,0.508542,0.423513
241.jpg,0.0853433,0.584673,0.329984
242.jpg,0.0576458,0.551737,0.390617
243.jpg,0.0735068,0.532924,0.393569
244.jpg,0.0745812,0.568989,0.35643
245.jpg,0.0743623,0.50378,0.421857
246.jpg,0.102101,0.608382,0.289518
247.jpg,0.065929,0.502079,0.431992
248.jpg,0.090473,0.528311,0.381215
249.jpg,0.0769056,0.496242,0.426852
250.jpg,0.0730981,0.450954,0.475948
251.jpg,0.0797999,0.495209,0.424991
252.jpg,0.0971834,0.586971,0.315845
253.jpg,0.0700137,0.531315,0.398672
254.jpg,0.089187,0.572213,0.3386
255.jpg,0.0958572,0.614161,0.289982
256.jpg,0.0855104,0.560945,0.353544
257.jpg,0.0734377,0.528204,0.398358
258.jpg,0.0893849,0.599378,0.311237
259.jpg,0.0786651,0.535483,0.385852
260.jpg,0.0990571,0.554229,0.346714
261.jpg,0.0786668,0.599682,0.321652
262.jpg,0.0836306,0.535756,0.380614
263.jpg,0.0756416,0.600973,0.323385
264.jpg,0.0833239,0.503718,0.412958
265.jpg,0.0921978,0.604084,0.303718
266.jpg,0.0866197,0.565259,0.348121
267.jpg,0.0724169,0.512722,0.414861
268.jpg,0.0705029,0.550045,0.379453
269.jpg,0.0784714,0.565495,0.356033
270.jpg,0.0634509,0.496699,0.43985
271.jpg,0.0455875,0.488481,0.465932
272.jpg,0.0787465,0.585854,0.335399
273.jpg,0.0871967,0.589698,0.323105
274.jpg,0.0684249,0.499565,0.432011
275.jpg,0.0815261,0.569958,0.348515
276.jpg,0.0918657,0.607364,0.300771
277.jpg,0.0699814,0.60942,0.320599
278.jpg,0.0888183,0.587198,0.323984
279.jpg,0.0909793,0.53849,0.370531
280.jpg,0.0961873,0.581183,0.322629
281.jpg,0.0970246,0.553339,0.349636
282.jpg,0.0786919,0.556617,0.364691
283.jpg,0.0843553,0.570962,0.344682
284.jpg,0.0977661,0.609122,0.293112
285.jpg,0.0880698,0.585298,0.326632
286.jpg,0.0811692,0.612304,0.306527
287.jpg,0.0723825,0.548685,0.378932
288.jpg,0.0534984,0.48389,0.462611
289.jpg,0.0754385,0.524189,0.400372
290.jpg,0.0787955,0.564688,0.356516
291.jpg,0.100301,0.620959,0.27874
292.jpg,0.0594135,0.381748,0.558838
293.jpg,0.0898139,0.559776,0.35041
294.jpg,0.0561467,0.53072,0.413134
295.jpg,0.0886339,0.540973,0.370393
296.jpg,0.0621502,0.527289,0.410561
297.jpg,0.0691125,0.606289,0.324598
298.jpg,0.0704928,0.529495,0.400013
299.jpg,0.0717265,0.540831,0.387443
300.jpg,0.0635335,0.485848,0.450619
301.jpg,0.0832369,0.611978,0.304786
302.jpg,0.104451,0.59423,0.301319
303.jpg,0.0949728,0.484128,0.4209
304.jpg,0.074751,0.505539,0.41971
305.jpg,0.0869849,0.592096,0.320919
306.jpg,0.0685342,0.548876,0.38259
307.jpg,0.0775989,0.556078,0.366323
308.jpg,0.0921277,0.602866,0.305006
309.jpg,0.0955099,0.546201,0.358289
310.jpg,0.0869935,0.602822,0.310185
311.jpg,0.067871,0.549287,0.382841
312.jpg,0.0849831,0.559843,0.355174
313.jpg,0.0738347,0.596502,0.329663
314.jpg,0.0811971,0.577738,0.341065
315.jpg,0.0623546,0.485413,0.452233
316.jpg,0.0775672,0.588531,0.333901
317.jpg,0.0645592,0.502457,0.432984
318.jpg,0.07838,0.52611,0.39551
319.jpg,0.0759525,0.525412,0.398636
320.jpg,0.0720171,0.530169,0.397814
321.jpg,0.068172,0.559374,0.372454
322.jpg,0.0781555,0.547563,0.374282
323.jpg,0.0925742,0.58027,0.327156
324.jpg,0.0860977,0.600918,0.312984
325.jpg,0.0777095,0.501497,0.420794
326.jpg,0.0794955,0.531127,0.389378
327.jpg,0.0933782,0.56999,0.336632
328.jpg,0.0868389,0.595054,0.318108
329.jpg,0.0662246,0.476594,0.457182
330.jpg,0.0959044,0.575848,0.328247
331.jpg,0.0809214,0.532594,0.386485
332.jpg,0.0873577,0.557062,0.35558
333.jpg,0.0547909,0.510721,0.434488
334.jpg,0.075711,0.590974,0.333315
335.jpg,0.0587497,0.51285,0.428401
336.jpg,0.0766667,0.475366,0.447967
337.jpg,0.0836037,0.58401,0.332386
338.jpg,0.0781717,0.531296,0.390533
339.jpg,0.0681037,0.472918,0.458978
340.jpg,0.0833826,0.584018,0.332599
341.jpg,0.0824357,0.454694,0.46287
342.jpg,0.0730131,0.474921,0.452066
343.jpg,0.0653752,0.5683,0.366324
344.jpg,0.0928239,0.519809,0.387367
345.jpg,0.0734179,0.540003,0.38658
346.jpg,0.0717158,0.587332,0.340952
347.jpg,0.0796921,0.592233,0.328074
348.jpg,0.0846782,0.56948,0.345841
349.jpg,0.0760914,0.580027,0.343882
350.jpg,0.0735339,0.506412,0.420054
351.jpg,0.0724693,0.443925,0.483605
352.jpg,0.0643192,0.516077,0.419603
353.jpg,0.0736666,0.554844,0.37149
354.jpg,0.0856268,0.604124,0.310249
355.jpg,0.0889597,0.530409,0.380631
356.jpg,0.0663518,0.473996,0.459652
357.jpg,0.0577466,0.548127,0.394127
358.jpg,0.0938957,0.600782,0.305322
359.jpg,0.0797427,0.552496,0.367761
360.jpg,0.0932537,0.589638,0.317108
361.jpg,0.072499,0.547313,0.380188
362.jpg,0.0788701,0.498777,0.422353
363.jpg,0.0714445,0.463481,0.465074
364.jpg,0.0864292,0.561765,0.351806
365.jpg,0.0693282,0.499111,0.431561
366.jpg,0.0867246,0.547554,0.365722
367.jpg,0.0756102,0.504264,0.420126
368.jpg,0.0577659,0.531222,0.411012
369.jpg,0.0698291,0.557928,0.372243
370.jpg,0.0904457,0.599318,0.310237
371.jpg,0.0742212,0.532623,0.393156
372.jpg,0.0635533,0.466596,0.469851
373.jpg,0.0742052,0.56511,0.360685
374.jpg,0.0678418,0.533684,0.398474
375.jpg,0.0693111,0.48025,0.450439
376.jpg,0.0630718,0.495248,0.44168
377.jpg,0.0670064,0.517042,0.415951
378.jpg,0.101331,0.609403,0.289266
379.jpg,0.0753576,0.499986,0.424656
380.jpg,0.0744261,0.477511,0.448063
381.jpg,0.0601253,0.501379,0.438496
382.jpg,0.106905,0.61456,0.278535
383.jpg,0.0599515,0.496422,0.443627
384.jpg,0.0824304,0.567282,0.350288
385.jpg,0.0931971,0.58113,0.325673
386.jpg,0.103213,0.618838,0.277949
387.jpg,0.0910434,0.592702,0.316254
388.jpg,0.0656164,0.535184,0.3992
389.jpg,0.0768156,0.582524,0.34066
390.jpg,0.0879125,0.543441,0.368647
391.jpg,0.0672299,0.473184,0.459586
392.jpg,0.0963868,0.543176,0.360437
393.jpg,0.0803311,0.529265,0.390404
394.jpg,0.0769308,0.606072,0.316997
395.jpg,0.0618758,0.452587,0.485537
396.jpg,0.0897653,0.540201,0.370034
397.jpg,0.0851306,0.574306,0.340563
398.jpg,0.104403,0.593111,0.302486
399.jpg,0.0794798,0.552209,0.368312
400.jpg,0.101211,0.608222,0.290566
401.jpg,0.0462578,0.50423,0.449512
402.jpg,0.0907755,0.580492,0.328732
403.jpg,0.0693647,0.518938,0.411697
404.jpg,0.0898507,0.541384,0.368766
405.jpg,0.0879557,0.546199,0.365845
406.jpg,0.0904741,0.57399,0.335536
407.jpg,0.0672042,0.492929,0.439867
408.jpg,0.0836831,0.483762,0.432555
409.jpg,0.0823537,0.596744,0.320902
410.jpg,0.0862599,0.59568,0.31806
411.jpg,0.103953,0.627471,0.268576
412.jpg,0.0697367,0.559552,0.370712
413.jpg,0.0919783,0.610079,0.297943
414.jpg,0.109053,0.52997,0.360977
415.jpg,0.0695908,0.457576,0.472833
416.jpg,0.0745106,0.453757,0.471732
417.jpg,0.0634007,0.547096,0.389503
418.jpg,0.0817308,0.553252,0.365017
419.jpg,0.063306,0.484372,0.452322
420.jpg,0.0700387,0.54749,0.382472
421.jpg,0.0697112,0.584873,0.345416
422.jpg,0.0937711,0.548844,0.357385
423.jpg,0.0770276,0.481102,0.44187
424.jpg,0.0645658,0.532923,0.402512
425.jpg,0.0729989,0.517667,0.409335
426.jpg,0.0579234,0.476262,0.465815
427.jpg,0.0687507,0.563992,0.367257
428.jpg,0.0844362,0.514908,0.400656
429.jpg,0.0874208,0.585741,0.326838
430.jpg,0.068098,0.523652,0.40825
431.jpg,0.0643068,0.464449,0.471244
432.jpg,0.0877213,0.59563,0.316649
433.jpg,0.0880345,0.573713,0.338252
434.jpg,0.0928207,0.585299,0.32188
435.jpg,0.0821612,0.424903,0.492935
436.jpg,0.0539318,0.506242,0.439826
437.jpg,0.0702126,0.604159,0.325628
438.jpg,0.0968105,0.615125,0.288064
439.jpg,0.0810869,0.551035,0.367878
440.jpg,0.0702964,0.510172,0.419532
441.jpg,0.0965388,0.589449,0.314012
442.jpg,0.0953529,0.593726,0.310921
443.jpg,0.0860951,0.57005,0.343855
444.jpg,0.0904501,0.594701,0.314849
445.jpg,0.0738013,0.555458,0.370741
446.jpg,0.112337,0.621374,0.266289
447.jpg,0.0619684,0.492576,0.445455
448.jpg,0.0834672,0.569051,0.347482
449.jpg,0.0827713,0.516395,0.400833
450.jpg,0.0519519,0.494466,0.453582
451.jpg,0.0767407,0.592617,0.330642
452.jpg,0.0631831,0.522159,0.414658
453.jpg,0.0870162,0.527352,0.385632
454.jpg,0.0619637,0.579544,0.358492
455.jpg,0.0745659,0.505176,0.420258
456.jpg,0.112312,0.618298,0.26939
457.jpg,0.0734619,0.512956,0.413582
458.jpg,0.0767049,0.574645,0.348651
459.jpg,0.0832846,0.576808,0.339908
460.jpg,0.066217,0.512527,0.421256
461.jpg,0.0575581,0.523686,0.418756
462.jpg,0.0751916,0.502118,0.42269
463.jpg,0.0713259,0.446828,0.481846
464.jpg,0.0814606,0.554037,0.364502
465.jpg,0.0855695,0.607205,0.307226
466.jpg,0.092787,0.607886,0.299327
467.jpg,0.0739977,0.571436,0.354566
468.jpg,0.0710417,0.585119,0.343839
469.jpg,0.0651908,0.489904,0.444906
470.jpg,0.0755498,0.572158,0.352292
471.jpg,0.0775562,0.554386,0.368058
472.jpg,0.0676542,0.466036,0.46631
473.jpg,0.100404,0.585164,0.314433
474.jpg,0.0748925,0.524428,0.40068
475.jpg,0.089994,0.573569,0.336437
476.jpg,0.0687306,0.520569,0.410701
477.jpg,0.0766724,0.560011,0.363317
478.jpg,0.0760763,0.548042,0.375882
479.jpg,0.0748978,0.525325,0.399778
480.jpg,0.107623,0.529223,0.363154
481.jpg,0.0570936,0.481791,0.461115
482.jpg,0.0746137,0.523254,0.402133
483.jpg,0.0860984,0.548331,0.36557
484.jpg,0.0508942,0.49364,0.455466
485.jpg,0.0906791,0.60541,0.303911
486.jpg,0.056735,0.525383,0.417881
487.jpg,0.0869575,0.575432,0.33761
488.jpg,0.0809276,0.604865,0.314207
489.jpg,0.0704573,0.596707,0.332835
490.jpg,0.0592879,0.542108,0.398604
491.jpg,0.0731516,0.552584,0.374264
492.jpg,0.0791672,0.580116,0.340716
493.jpg,0.0808677,0.551762,0.36737
494.jpg,0.0801394,0.510183,0.409678
495.jpg,0.0866491,0.59339,0.319961
496.jpg,0.064533,0.552058,0.38341
497.jpg,0.085331,0.591172,0.323497
498.jpg,0.0725031,0.527813,0.399684
499.jpg,0.0522427,0.546151,0.401607
500.jpg,0.0793886,0.564319,0.356293
501.jpg,0.0852809,0.566804,0.347915
502.jpg,0.0823373,0.487317,0.430346
503.jpg,0.0849031,0.600693,0.314404
504.jpg,0.0633489,0.486254,0.450397
505.jpg,0.0811227,0.561961,0.356916
506.jpg,0.0820687,0.531748,0.386184
507.jpg,0.0722274,0.532369,0.395404
508.jpg,0.0962162,0.58709,0.316694
509.jpg,0.0888618,0.516378,0.39476
510.jpg,0.0815889,0.585944,0.332467
511.jpg,0.104173,0.58193,0.313897
