image_name,Type_1,Type_2,Type_3
0.jpg,0.0265919,0.951803,0.0216051
1.jpg,0.0088698,0.246912,0.744219
2.jpg,0.333449,0.64418,0.022371
3.jpg,0.100682,0.724354,0.174964
4.jpg,0.00611712,0.462807,0.531076
5.jpg,0.207968,0.737474,0.0545584
6.jpg,0.0245943,0.747021,0.228385
7.jpg,0.00297927,0.299559,0.697462
8.jpg,0.292818,0.697447,0.00973469
9.jpg,0.198234,0.772643,0.0291229
10.jpg,0.583584,0.403567,0.0128496
11.jpg,0.0152345,0.0885306,0.896235
12.jpg,0.0540656,0.448172,0.497763
13.jpg,0.0014068,0.935251,0.0633425
14.jpg,0.00676607,0.377752,0.615482
15.jpg,0.001283,0.150956,0.847761
16.jpg,0.0136364,0.364603,0.62176
17.jpg,0.206334,0.616739,0.176927
18.jpg,0.0803165,0.360426,0.559258
19.jpg,0.00375266,0.548431,0.447817
20.jpg,0.186703,0.803524,0.00977234
21.jpg,0.044315,0.951155,0.00452958
22.jpg,0.00778084,0.917995,0.0742239
23.jpg,0.0476876,0.886328,0.0659843
24.jpg,0.00866326,0.910411,0.0809254
25.jpg,0.079068,0.851455,0.069477
26.jpg,0.0827196,0.863442,0.0538382
27.jpg,0.0621547,0.798914,0.138931
28.jpg,0.305528,0.52397,0.170502
29.jpg,0.15333,0.78595,0.0607194
30.jpg,0.0280855,0.898316,0.0735981
31.jpg,0.00610446,0.508789,0.485107
32.jpg,0.010962,0.683056,0.305982
33.jpg,0.0205709,0.203757,0.775672
34.jpg,0.00616558,0.373805,0.620029
35.jpg,0.0874357,0.868619,0.0439455
36.jpg,0.0582974,0.934096,0.00760664
37.jpg,0.128252,0.848728,0.0230196
38.jpg,0.0166927,0.918395,0.0649128
39.jpg,0.0781182,0.706326,0.215556
40.jpg,0.000271183,0.272246,0.727482
41.jpg,0.0557395,0.418938,0.525323
42.jpg,0.0769332,0.72305,0.200017
43.jpg,0.256854,0.280108,0.463038
44.jpg,0.0028997,0.936638,0.0604625
45.jpg,0.0990896,0.457632,0.443279
46.jpg,0.0604921,0.824527,0.11498
47.jpg,0.19172,0.761642,0.0466383
48.jpg,0.285136,0.551684,0.16318
49.jpg,0.108816,0.344864,0.54632
50.jpg,0.00284702,0.384114,0.613039
51.jpg,0.31554,0.633308,0.051153
52.jpg,0.111806,0.619811,0.268383
53.jpg,0.00917847,0.729671,0.261151
54.jpg,0.00410175,0.551426,0.444472
55.jpg,0.00191656,0.0453492,0.952734
56.jpg,0.0116408,0.383779,0.60458
57.jpg,0.0266955,0.885662,0.0876422
58.jpg,0.000660394,0.121941,0.877398
59.jpg,0.245687,0.65841,0.0959032
60.jpg,0.00957801,0.935279,0.0551428
61.jpg,0.185054,0.729869,0.0850768
62.jpg,0.00221058,0.0892378,0.908552
63.jpg,0.201729,0.381564,0.416708
64.jpg,0.148065,0.808583,0.0433525
65.jpg,0.29271,0.703213,0.00407783
66.jpg,0.342421,0.452939,0.204639
67.jpg,0.0925967,0.687323,0.220081
68.jpg,0.0573528,0.786708,0.15594
69.jpg,0.0639044,0.883215,0.0528806
70.jpg,0.0482395,0.588226,0.363534
71.jpg,0.221093,0.373783,0.405124
72.jpg,0.0611042,0.935803,0.0030923
73.jpg,0.00327295,0.880078,0.116649
74.jpg,0.0169063,0.778748,0.204346
75.jpg,0.323767,0.611143,0.0650906
76.jpg,0.0164148,0.750527,0.233058
77.jpg,0.0561998,0.72276,0.22104
78.jpg,0.00534868,0.198535,0.796116
79.jpg,0.0418811,0.952931,0.0051876
80.jpg,0.126991,0.808917,0.0640926
81.jpg,0.00322582,0.79815,0.198624
82.jpg,0.195905,0.70566,0.0984343
83.jpg,0.00100029,0.160544,0.838456
84.jpg,0.135777,0.703107,0.161115
85.jpg,0.0401671,0.870751,0.0890817
86.jpg,0.000916109,0.70326,0.295824
87.jpg,0.0534787,0.661192,0.285329
88.jpg,0.192723,0.786683,0.0205941
89.jpg,0.018777,0.364773,0.61645
90.jpg,0.0698232,0.784024,0.146152
91.jpg,0.28299,0.555485,0.161525
92.jpg,0.0224705,0.375483,0.602046
93.jpg,0.0219999,0.901213,0.0767874
94.jpg,0.260982,0.547352,0.191666
95.jpg,0.053463,0.852582,0.0939548
96.jpg,0.40309,0.24812,0.34879
97.jpg,0.0979158,0.808239,0.0938448
98.jpg,0.087467,0.870661,0.0418718
99.jpg,0.0138653,0.753909,0.232226
100.jpg,0.0436959,0.932541,0.0237633
101.jpg,0.0941869,0.888189,0.0176238
102.jpg,0.100876,0.677137,0.221987
103.jpg,0.0334119,0.852915,0.113673
104.jpg,0.0747272,0.576997,0.348275
105.jpg,0.0404851,0.697897,0.261618
106.jpg,0.0474962,0.857215,0.0952886
107.jpg,0.013518,0.690513,0.295969
108.jpg,0.109468,0.367418,0.523114
109.jpg,0.103083,0.685059,0.211859
110.jpg,0.0224275,0.752173,0.225399
111.jpg,0.0080431,0.16874,0.823217
112.jpg,0.0538122,0.515566,0.430622
113.jpg,0.0927948,0.582261,0.324944
114.jpg,0.0906017,0.342445,0.566953
115.jpg,0.00802544,0.681326,0.310648
116.jpg,0.0441586,0.386116,0.569726
117.jpg,0.231511,0.401981,0.366507
118.jpg,0.0332269,0.44212,0.524654
119.jpg,0.490403,0.449173,0.0604243
120.jpg,0.123965,0.775019,0.101015
121.jpg,0.0925791,0.612809,0.294612
122.jpg,0.00104238,0.300129,0.698829
123.jpg,0.159688,0.789583,0.0507289
124.jpg,0.0147527,0.551626,0.433621
125.jpg,0.529106,0.403768,0.067125
126.jpg,0.00401705,0.989763,0.0062204
127.jpg,0.102259,0.85004,0.0477009
128.jpg,0.070393,0.889101,0.0405056
129.jpg,0.0877444,0.656361,0.255895
130.jpg,0.0287518,0.804924,0.166325
131.jpg,0.0178405,0.559062,0.423098
132.jpg,0.0379732,0.461405,0.500622
133.jpg,0.130175,0.651725,0.218099
134.jpg,0.110508,0.727544,0.161948
135.jpg,0.0029231,0.325526,0.671551
136.jpg,0.00503748,0.989873,0.00508982
137.jpg,0.0508389,0.565658,0.383503
138.jpg,0.240948,0.382574,0.376478
139.jpg,0.185601,0.788804,0.0255951
140.jpg,0.0127821,0.585771,0.401447
141.jpg,0.00283176,0.218072,0.779096
142.jpg,0.179532,0.78953,0.0309378
143.jpg,0.041655,0.697803,0.260542
144.jpg,0.246163,0.634456,0.119381
145.jpg,0.0600085,0.620328,0.319663
146.jpg,0.0164661,0.936236,0.0472977
147.jpg,0.0929864,0.491875,0.415139
148.jpg,0.641538,0.319123,0.0393391
149.jpg,0.196383,0.32502,0.478597
150.jpg,0.398807,0.584541,0.0166521
151.jpg,0.00186411,0.263446,0.73469
152.jpg,0.014006,0.745269,0.240725
153.jpg,0.00515324,0.207095,0.787752
154.jpg,0.17519,0.820538,0.00427255
155.jpg,0.0916971,0.803236,0.105066
156.jpg,0.173767,0.58582,0.240412
157.jpg,0.0128344,0.975857,0.0113091
158.jpg,0.0197144,0.886559,0.0937268
159.jpg,0.190675,0.629795,0.17953
160.jpg,0.276725,0.683678,0.0395972
161.jpg,0.00532352,0.207366,0.787311
162.jpg,0.00246033,0.527907,0.469633
163.jpg,0.0443597,0.859774,0.0958659
164.jpg,0.0263338,0.909312,0.0643545
165.jpg,0.612106,0.319417,0.0684768
166.jpg,0.521376,0.416783,0.0618407
167.jpg,0.0844389,0.638962,0.276599
168.jpg,0.0772095,0.536032,0.386759
169.jpg,0.172395,0.743336,0.0842691
170.jpg,0.324659,0.571378,0.103963
171.jpg,0.00205353,0.452694,0.545252
172.jpg,0.332253,0.457549,0.210198
173.jpg,0.0401439,0.187438,0.772418
174.jpg,0.00644356,0.372175,0.621382
175.jpg,0.00174818,0.262567,0.735685
176.jpg,0.17232,0.479277,0.348403
177.jpg,0.0487646,0.425183,0.526053
178.jpg,0.000865755,0.539445,0.459689
179.jpg,0.324408,0.58028,0.0953126
180.jpg,0.168296,0.54408,0.287624
181.jpg,0.0434093,0.588815,0.367776
182.jpg,0.00284553,0.757505,0.239649
183.jpg,0.00339825,0.994961,0.00164073
184.jpg,0.00613679,0.881797,0.112066
185.jpg,0.145036,0.662989,0.191975
186.jpg,0.224012,0.433813,0.342175
187.jpg,0.00168121,0.233509,0.764809
188.jpg,0.0224923,0.45334,0.524168
189.jpg,0.0308223,0.196233,0.772945
190.jpg,0.00913357,0.637415,0.353451
191.jpg,0.00260234,0.0423557,0.955042
192.jpg,0.00354687,0.386524,0.609929
193.jpg,0.0768789,0.904726,0.0183949
194.jpg,0.0361835,0.763188,0.200628
195.jpg,0.271139,0.18232,0.546542
196.jpg,0.294895,0.532055,0.17305
197.jpg,0.21346,0.771484,0.0150555
198.jpg,0.013587,0.583793,0.40262
199.jpg,0.0153031,0.791628,0.193069
200.jpg,0.0385811,0.807564,0.153855
201.jpg,0.0414669,0.85639,0.102143
202.jpg,0.039708,0.757845,0.202447
203.jpg,0.0349307,0.745052,0.220017
204.jpg,0.00122823,0.128925,0.869847
205.jpg,0.0778946,0.651914,0.270192
206.jpg,0.196577,0.540504,0.262919
207.jpg,0.0141354,0.254701,0.731164
208.jpg,0.00504496,0.176561,0.818394
209.jpg,0.12642,0.468845,0.404734
210.jpg,0.000331981,0.345228,0.65444
211.jpg,0.128742,0.701739,0.169519
212.jpg,0.112165,0.650198,0.237636
213.jpg,0.0106991,0.508177,0.481124
214.jpg,0.0680118,0.796198,0.135791
215.jpg,0.249209,0.734383,0.0164079
216.jpg,0.233248,0.565924,0.200828
217.jpg,0.0696436,0.926359,0.00399722
218.jpg,0.0274039,0.900116,0.0724805
219.jpg,0.341003,0.46319,0.195806
220.jpg,0.175891,0.686002,0.138107
221.jpg,0.000148592,0.229281,0.77057
222.jpg,0.026386,0.335995,0.637619
223.jpg,0.0198311,0.506459,0.47371
224.jpg,0.0194485,0.302089,0.678462
225.jpg,0.0512582,0.847806,0.100935
226.jpg,0.0546192,0.79747,0.147911
227.jpg,0.00387417,0.26394,0.732186
228.jpg,0.106861,0.877726,0.0154137
229.jpg,0.261461,0.530239,0.2083
230.jpg,0.014198,0.23489,0.750912
231.jpg,0.772667,0.172191,0.0551415
232.jpg,0.212915,0.545186,0.241899
233.jpg,0.0876563,0.758379,0.153964
234.jpg,0.036558,0.53605,0.427392
235.jpg,0.126403,0.492188,0.381409
236.jpg,0.00208276,0.405627,0.59229
237.jpg,0.0894392,0.163398,0.747162
238.jpg,0.0286163,0.8385,0.132884
239.jpg,0.311161,0.633212,0.0556278
240.jpg,0.00764732,0.274412,0.71794
241.jpg,0.260485,0.723817,0.0156988
242.jpg,0.032708,0.754093,0.213199
243.jpg,0.135584,0.830415,0.0340006
244.jpg,0.0134928,0.973189,0.0133187
245.jpg,0.149646,0.566072,0.284282
246.jpg,0.084546,0.875648,0.0398062
247.jpg,0.020663,0.135117,0.84422
248.jpg,0.0245945,0.297027,0.678379
249.jpg,0.0301511,0.348065,0.621784
250.jpg,0.000802031,0.0949468,0.904251
251.jpg,0.0288475,0.946179,0.0249737
252.jpg,0.0440833,0.832552,0.123364
253.jpg,0.000863822,0.187281,0.811855
254.jpg,0.0193863,0.604973,0.37564
255.jpg,0.117637,0.668421,0.213942
256.jpg,0.0179534,0.647866,0.33418
257.jpg,0.0320288,0.916157,0.0518145
258.jpg,0.0832492,0.733228,0.183522
259.jpg,0.0160804,0.740667,0.243253
260.jpg,0.214363,0.717535,0.0681028
261.jpg,0.0403975,0.951185,0.00841707
262.jpg,0.0375437,0.156784,0.805672
263.jpg,0.0936302,0.677148,0.229222
264.jpg,0.00190675,0.0840967,0.913997
265.jpg,0.202503,0.478324,0.319173
266.jpg,0.0521119,0.594509,0.353379
267.jpg,0.0896984,0.786314,0.123988
268.jpg,0.0321279,0.961786,0.00608615
269.jpg,0.222456,0.763258,0.0142863
270.jpg,0.0108364,0.944486,0.0446774
271.jpg,0.341437,0.461597,0.196966
272.jpg,0.0719219,0.775514,0.152565
273.jpg,0.0402367,0.407236,0.552527
274.jpg,0.0366039,0.755062,0.208334
275.jpg,0.02418,0.405423,0.570397
276.jpg,0.0355122,0.127089,0.837399
277.jpg,0.287774,0.563906,0.148321
278.jpg,0.0217966,0.821495,0.156709
279.jpg,0.0194923,0.624695,0.355812
280.jpg,0.104804,0.442884,0.452312
281.jpg,0.0308628,0.515598,0.453539
282.jpg,0.0447415,0.328546,0.626712
283.jpg,0.114233,0.731886,0.153881
284.jpg,0.0751281,0.5088,0.416072
285.jpg,0.222157,0.740075,0.0377686
286.jpg,0.0366131,0.559289,0.404098
287.jpg,0.104657,0.668126,0.227217
288.jpg,0.046845,0.341753,0.611402
289.jpg,0.121725,0.704714,0.173562
290.jpg,0.0248742,0.620836,0.35429
291.jpg,0.0334224,0.964482,0.00209595
292.jpg,0.0167577,0.233598,0.749644
293.jpg,0.17663,0.788254,0.035116
294.jpg,0.0145677,0.783746,0.201686
295.jpg,0.0753718,0.825622,0.0990063
296.jpg,0.00272398,0.707667,0.289609
297.jpg,0.306645,0.678582,0.0147727
298.jpg,0.0193798,0.673663,0.306958
299.jpg,0.0697414,0.880823,0.0494352
300.jpg,0.40574,0.442276,0.151984
301.jpg,0.0397819,0.60758,0.352638
302.jpg,0.0909147,0.778456,0.130629
303.jpg,0.0877139,0.538194,0.374092
304.jpg,0.14831,0.768111,0.0835785
305.jpg,0.190328,0.726068,0.0836043
306.jpg,0.107697,0.841143,0.0511601
307.jpg,0.00797965,0.164231,0.82779
308.jpg,0.116124,0.861878,0.0219977
309.jpg,0.0413353,0.801962,0.156702
310.jpg,0.0629894,0.535147,0.401864
311.jpg,0.0140876,0.934265,0.0516478
312.jpg,0.0449633,0.934821,0.0202156
313.jpg,0.00786461,0.318103,0.674032
314.jpg,0.133087,0.801294,0.0656189
315.jpg,0.00338016,0.0158554,0.980764
316.jpg,0.059622,0.917866,0.0225122
317.jpg,0.00716385,0.49885,0.493986
318.jpg,0.0366032,0.865205,0.0981917
319.jpg,0.101244,0.452174,0.446582
320.jpg,0.0224656,0.890612,0.0869226
321.jpg,0.0512148,0.352804,0.595981
322.jpg,0.0461668,0.433776,0.520057
323.jpg,0.191594,0.616312,0.192094
324.jpg,0.0735137,0.907758,0.018728
325.jpg,0.00894523,0.254096,0.736959
326.jpg,0.0172139,0.448488,0.534298
327.jpg,0.0669782,0.41447,0.518551
328.jpg,0.0080424,0.435733,0.556225
329.jpg,0.00650025,0.492648,0.500852
330.jpg,0.0577201,0.864456,0.0778244
331.jpg,0.137321,0.833084,0.0295949
332.jpg,0.388564,0.552535,0.058901
333.jpg,0.00194188,0.250561,0.747497
334.jpg,0.00208256,0.493724,0.504194
335.jpg,0.00444339,0.360258,0.635298
336.jpg,0.119401,0.812315,0.0682838
337.jpg,0.0486921,0.839424,0.111884
338.jpg,0.0660176,0.850202,0.0837804
339.jpg,0.00774602,0.481851,0.510403
340.jpg,0.0784707,0.91154,0.00998927
341.jpg,0.002089,0.235174,0.762737
342.jpg,0.0185867,0.307501,0.673912
343.jpg,0.00149851,0.18053,0.817972
344.jpg,0.305175,0.634214,0.0606112
345.jpg,0.00170876,0.94574,0.0525514
346.jpg,0.00980857,0.156728,0.833463
347.jpg,0.0991722,0.890742,0.010086
348.jpg,0.0497031,0.843372,0.106925
349.jpg,0.0756242,0.681192,0.243184
350.jpg,0.0204531,0.81574,0.163807
351.jpg,0.0134335,0.486839,0.499727
352.jpg,0.00734002,0.982974,0.00968566
353.jpg,0.0118877,0.948648,0.0394646
354.jpg,0.0305593,0.958875,0.0105657
355.jpg,0.162979,0.616351,0.22067
356.jpg,0.0602321,0.508942,0.430826
357.jpg,0.00924923,0.391495,0.599256
358.jpg,0.0732964,0.853224,0.0734792
359.jpg,0.022668,0.561279,0.416053
360.jpg,0.1487,0.80467,0.0466303
361.jpg,0.0741601,0.408802,0.517038
362.jpg,0.0464354,0.780104,0.17346
363.jpg,0.00477266,0.285039,0.710188
364.jpg,0.032704,0.330494,0.636802
365.jpg,0.0249758,0.835606,0.139419
366.jpg,0.0478588,0.28616,0.665981
367.jpg,0.0410382,0.589928,0.369034
368.jpg,0.00627398,0.105943,0.887783
369.jpg,0.0304045,0.692452,0.277143
370.jpg,0.595465,0.321766,0.0827686
371.jpg,0.231282,0.751976,0.0167416
372.jpg,0.00116716,0.0358927,0.96294
373.jpg,0.182333,0.535956,0.281711
374.jpg,0.157277,0.397621,0.445102
375.jpg,0.397559,0.453796,0.148645
376.jpg,0.00990262,0.439661,0.550436
377.jpg,0.00193414,0.967529,0.0305366
378.jpg,0.044211,0.750307,0.205482
379.jpg,0.00449372,0.0812328,0.914273
380.jpg,0.00453543,0.208416,0.787049
381.jpg,0.00594998,0.58743,0.40662
382.jpg,0.122854,0.875202,0.00194398
383.jpg,0.0627357,0.771389,0.165875
384.jpg,0.0945266,0.433333,0.472141
385.jpg,0.06369,0.866124,0.0701865
386.jpg,0.0808416,0.375155,0.544004
387.jpg,0.112932,0.801558,0.0855098
388.jpg,0.00192991,0.136903,0.861167
389.jpg,0.0153563,0.924185,0.0604583
390.jpg,0.153416,0.499461,0.347124
391.jpg,0.00162694,0.479337,0.519036
392.jpg,0.088124,0.421746,0.49013
393.jpg,0.00104876,0.369434,0.629517
394.jpg,0.64112,0.289867,0.069012
395.jpg,0.00684325,0.524397,0.46876
396.jpg,0.221964,0.696229,0.0818075
397.jpg,0.0562032,0.810964,0.132833
398.jpg,0.12937,0.664142,0.206488
399.jpg,0.0990587,0.650414,0.250528
400.jpg,0.261546,0.69533,0.0431243
401.jpg,0.0122812,0.145867,0.841852
402.jpg,0.214666,0.274381,0.510953
403.jpg,0.0648596,0.903873,0.0312671
404.jpg,0.534029,0.344007,0.121964
405.jpg,0.0483879,0.898717,0.0528948
406.jpg,0.097091,0.869745,0.0331638
407.jpg,0.120783,0.774209,0.105008
408.jpg,0.00336374,0.613821,0.382816
409.jpg,0.158529,0.423259,0.418212
410.jpg,0.0449118,0.492,0.463088
411.jpg,0.0600403,0.92642,0.0135398
412.jpg,0.0372331,0.946694,0.0160724
413.jpg,0.0191001,0.447262,0.533638
414.jpg,0.136029,0.34163,0.522342
415.jpg,0.178273,0.81867,0.00305678
416.jpg,0.0366078,0.602616,0.360776
417.jpg,0.0935462,0.714151,0.192303
418.jpg,0.0643451,0.638131,0.297524
419.jpg,0.0242888,0.970585,0.00512659
420.jpg,0.00386735,0.526438,0.469694
421.jpg,0.01346,0.965959,0.0205808
422.jpg,0.13529,0.22114,0.64357
423.jpg,0.0117569,0.438457,0.549787
424.jpg,0.0086249,0.682179,0.309196
425.jpg,0.0419427,0.527173,0.430884
426.jpg,0.0411251,0.580535,0.378339
427.jpg,0.00946378,0.957252,0.0332839
428.jpg,0.0264884,0.892923,0.0805883
429.jpg,0.228581,0.356692,0.414727
430.jpg,0.163706,0.323819,0.512476
431.jpg,0.130215,0.858143,0.0116423
432.jpg,0.0948717,0.359191,0.545937
433.jpg,0.0224212,0.376392,0.601187
434.jpg,0.148816,0.820687,0.0304969
435.jpg,0.00212111,0.395917,0.601962
436.jpg,0.0649373,0.831841,0.103222
437.jpg,0.0301396,0.725271,0.24459
438.jpg,0.0867625,0.75869,0.154547
439.jpg,0.0659122,0.677674,0.256414
440.jpg,0.0153303,0.397679,0.586991
441.jpg,0.0913695,0.734531,0.1741
442.jpg,0.155905,0.433771,0.410324
443.jpg,0.0350846,0.547608,0.417308
444.jpg,0.558501,0.34855,0.0929486
445.jpg,0.0254032,0.843268,0.131328
446.jpg,0.0978073,0.295068,0.607125
447.jpg,0.0209156,0.386896,0.592188
448.jpg,0.0393592,0.900931,0.05971
449.jpg,0.0154978,0.531808,0.452694
450.jpg,0.00193265,0.806785,0.191283
451.jpg,0.287377,0.651584,0.0610383
452.jpg,0.00577185,0.148418,0.84581
453.jpg,0.19493,0.784569,0.0205006
454.jpg,0.00928086,0.28586,0.704859
455.jpg,0.00545241,0.961217,0.0333307
456.jpg,0.19672,0.765957,0.0373226
457.jpg,0.06789,0.918605,0.013505
458.jpg,0.0495019,0.786799,0.163699
459.jpg,0.13025,0.72251,0.14724
460.jpg,0.0400888,0.930339,0.0295726
461.jpg,0.00657902,0.384204,0.609217
462.jpg,0.0789482,0.906453,0.0145991
463.jpg,0.0571374,0.248658,0.694204
464.jpg,0.242175,0.750199,0.0076262
465.jpg,0.0627151,0.536909,0.400376
466.jpg,0.206695,0.728591,0.0647145
467.jpg,0.0319216,0.951564,0.0165143
468.jpg,0.115743,0.782594,0.101663
469.jpg,0.0295592,0.933576,0.0368649
470.jpg,0.0902416,0.825559,0.0841998
471.jpg,0.322284,0.495308,0.182408
472.jpg,0.0591458,0.488784,0.45207
473.jpg,0.244394,0.642995,0.112611
474.jpg,0.0123033,0.839154,0.148542
475.jpg,0.0303194,0.446382,0.523299
476.jpg,0.0170756,0.809806,0.173118
477.jpg,0.0458604,0.869372,0.0847676
478.jpg,0.0352785,0.952526,0.0121956
479.jpg,0.0163982,0.472549,0.511053
480.jpg,0.115595,0.714903,0.169501
481.jpg,0.0270759,0.621439,0.351486
482.jpg,0.119328,0.838052,0.0426197
483.jpg,0.273398,0.725891,0.000710689
484.jpg,0.0458512,0.766158,0.187991
485.jpg,0.109715,0.560151,0.330133
486.jpg,0.0102227,0.485505,0.504273
487.jpg,0.293135,0.690383,0.0164817
488.jpg,0.00284126,0.99406,0.00309835
489.jpg,0.00647375,0.986197,0.00732944
490.jpg,0.0646126,0.515227,0.42016
491.jpg,0.37041,0.197709,0.431881
492.jpg,0.0513968,0.935273,0.0133301
493.jpg,0.0500672,0.60375,0.346183
494.jpg,0.0695674,0.613619,0.316814
495.jpg,0.0419553,0.8648,0.0932445
496.jpg,0.105646,0.305441,0.588913
497.jpg,0.0956711,0.856241,0.048088
498.jpg,0.0733869,0.785394,0.14122
499.jpg,0.00307437,0.599961,0.396964
500.jpg,0.0406187,0.699465,0.259916
501.jpg,0.54615,0.42072,0.0331305
502.jpg,0.00157233,0.248495,0.749932
503.jpg,0.0542331,0.816332,0.129435
504.jpg,0.00143964,0.254368,0.744192
505.jpg,0.232108,0.729412,0.0384806
506.jpg,0.11823,0.782417,0.0993533
507.jpg,0.0156877,0.709207,0.275105
508.jpg,0.0279565,0.80265,0.169394
509.jpg,0.0200938,0.872446,0.10746
510.jpg,0.028253,0.327009,0.644738
511.jpg,0.25558,0.557175,0.187245
