image_name,Type_1,Type_2,Type_3
0.jpg,0.0771406,0.405337,0.517523
1.jpg,0.0883532,0.33979,0.571857
2.jpg,0.222745,0.575447,0.201808
3.jpg,0.0891402,0.364772,0.546087
4.jpg,0.0543954,0.280899,0.664705
5.jpg,0.152904,0.423898,0.423198
6.jpg,0.113026,0.400064,0.48691
7.jpg,0.0363852,0.303471,0.660144
8.jpg,0.169872,0.581588,0.24854
9.jpg,0.123399,0.40275,0.47385
10.jpg,0.152414,0.515543,0.332044
11.jpg,0.113407,0.341725,0.544868
12.jpg,0.0533863,0.308939,0.637674
13.jpg,0.049013,0.286714,0.664273
14.jpg,0.0740464,0.325076,0.600878
15.jpg,0.0713557,0.30349,0.625155
16.jpg,0.0503334,0.26538,0.684287
17.jpg,0.0859958,0.418776,0.495228
18.jpg,0.138405,0.402761,0.458834
19.jpg,0.0645161,0.287999,0.647485
20.jpg,0.190693,0.4126,0.396707
21.jpg,0.177145,0.476423,0.346432
22.jpg,0.062061,0.321825,0.616114
23.jpg,0.0642776,0.335983,0.599739
24.jpg,0.0638,0.328062,0.608137
25.jpg,0.13262,0.412681,0.454699
26.jpg,0.124277,0.385094,0.490629
27.jpg,0.0841714,0.420854,0.494975
28.jpg,0.124159,0.448745,0.427096
29.jpg,0.0955752,0.380145,0.52428
30.jpg,0.0829389,0.369627,0.547434
31.jpg,0.0821802,0.324772,0.593048
32.jpg,0.0879788,0.346417,0.565604
33.jpg,0.059999,0.298289,0.641712
34.jpg,0.0416437,0.243559,0.714798
35.jpg,0.181445,0.511863,0.306693
36.jpg,0.167111,0.618196,0.214693
37.jpg,0.214114,0.422591,0.363295
38.jpg,0.0780145,0.333266,0.588719
39.jpg,0.0751997,0.371331,0.55347
40.jpg,0.0710512,0.278625,0.650324
41.jpg,0.0674241,0.330319,0.602257
42.jpg,0.100996,0.392632,0.506372
43.jpg,0.0980528,0.43363,0.468317
44.jpg,0.058561,0.354606,0.586833
45.jpg,0.0749586,0.386088,0.538953
46.jpg,0.043276,0.27442,0.682304
47.jpg,0.214023,0.513704,0.272272
48.jpg,0.0811137,0.368162,0.550724
49.jpg,0.0714873,0.332173,0.59634
50.jpg,0.0590352,0.29168,0.649285
51.jpg,0.140883,0.381408,0.477709
52.jpg,0.0928155,0.375159,0.532025
53.jpg,0.0546312,0.281456,0.663912
54.jpg,0.0653346,0.334979,0.599687
55.jpg,0.0384522,0.310191,0.651356
56.jpg,0.0679583,0.29564,0.636402
57.jpg,0.0869085,0.3346,0.578491
58.jpg,0.0474838,0.246779,0.705737
59.jpg,0.136909,0.334538,0.528553
60.jpg,0.127646,0.497694,0.37466
61.jpg,0.219014,0.594387,0.186599
62.jpg,0.0830885,0.335286,0.581626
63.jpg,0.104658,0.404063,0.491278
64.jpg,0.302442,0.436384,0.261174
65.jpg,0.328716,0.456727,0.214556
66.jpg,0.123153,0.338322,0.538525
67.jpg,0.0719981,0.326775,0.601227
68.jpg,0.0728651,0.371652,0.555483
69.jpg,0.104967,0.49121,0.403824
70.jpg,0.0676916,0.322614,0.609694
71.jpg,0.0810647,0.297616,0.621319
72.jpg,0.170836,0.703789,0.125375
73.jpg,0.0670083,0.366174,0.566818
74.jpg,0.0671565,0.303524,0.629319
75.jpg,0.179324,0.575585,0.24509
76.jpg,0.0920295,0.349455,0.558515
77.jpg,0.0411668,0.290917,0.667917
78.jpg,0.0370081,0.202946,0.760046
79.jpg,0.189008,0.491755,0.319237
80.jpg,0.112351,0.416636,0.471013
81.jpg,0.0607292,0.319363,0.619908
82.jpg,0.181468,0.547418,0.271114
83.jpg,0.0514138,0.334095,0.614491
84.jpg,0.0988728,0.36855,0.532577
85.jpg,0.11854,0.364708,0.516753
86.jpg,0.0532368,0.293383,0.65338
87.jpg,0.0619101,0.368028,0.570062
88.jpg,0.140017,0.454439,0.405544
89.jpg,0.0471732,0.342825,0.610002
90.jpg,0.0769566,0.319945,0.603098
91.jpg,0.129951,0.421397,0.448653
92.jpg,0.0847779,0.328691,0.586531
93.jpg,0.074788,0.428211,0.497001
94.jpg,0.155449,0.56757,0.276981
95.jpg,0.0857789,0.375128,0.539093
96.jpg,0.148626,0.429157,0.422217
97.jpg,0.0745897,0.378163,0.547247
98.jpg,0.371026,0.551582,0.077392
99.jpg,0.047736,0.251751,0.700513
100.jpg,0.137415,0.476675,0.38591
101.jpg,0.0639385,0.34051,0.595551
102.jpg,0.0462546,0.337283,0.616463
103.jpg,0.0589109,0.302533,0.638556
104.jpg,0.0898921,0.332013,0.578095
105.jpg,0.0642206,0.352783,0.582996
106.jpg,0.083931,0.309004,0.607065
107.jpg,0.0592869,0.295198,0.645515
108.jpg,0.0830699,0.32117,0.59576
109.jpg,0.0904442,0.392669,0.516887
110.jpg,0.0985103,0.450314,0.451176
111.jpg,0.0594229,0.356974,0.583603
112.jpg,0.0693441,0.350832,0.579823
113.jpg,0.0874618,0.374302,0.538236
114.jpg,0.0963312,0.461455,0.442214
115.jpg,0.0726705,0.339384,0.587945
116.jpg,0.0859767,0.320704,0.593319
117.jpg,0.115623,0.339443,0.544934
118.jpg,0.0664262,0.348446,0.585128
119.jpg,0.0813137,0.301404,0.617282
120.jpg,0.104588,0.405558,0.489854
121.jpg,0.0542501,0.327974,0.617776
122.jpg,0.0577506,0.318949,0.6233
123.jpg,0.189184,0.54532,0.265495
124.jpg,0.0582994,0.329564,0.612137
125.jpg,0.0780523,0.320664,0.601284
126.jpg,0.086211,0.329229,0.58456
127.jpg,0.110784,0.377085,0.51213
128.jpg,0.244353,0.560963,0.194684
129.jpg,0.0724672,0.284215,0.643318
130.jpg,0.0558259,0.398748,0.545426
131.jpg,0.049196,0.271386,0.679418
132.jpg,0.0686632,0.293459,0.637878
133.jpg,0.0645188,0.363609,0.571873
134.jpg,0.0801781,0.373068,0.546754
135.jpg,0.0388722,0.286293,0.674834
136.jpg,0.0992775,0.347707,0.553016
137.jpg,0.0537557,0.299219,0.647025
138.jpg,0.107357,0.335663,0.556979
139.jpg,0.238794,0.627733,0.133473
140.jpg,0.0675643,0.362059,0.570376
141.jpg,0.0568916,0.294618,0.648491
142.jpg,0.320031,0.48218,0.197789
143.jpg,0.0767251,0.329215,0.59406
144.jpg,0.122288,0.43155,0.446162
145.jpg,0.0859361,0.407701,0.506363
146.jpg,0.112593,0.471873,0.415534
147.jpg,0.0901637,0.399021,0.510816
148.jpg,0.0657642,0.407924,0.526312
149.jpg,0.046243,0.366728,0.587029
150.jpg,0.226623,0.651618,0.12176
151.jpg,0.0384991,0.265028,0.696473
152.jpg,0.0663361,0.31652,0.617144
153.jpg,0.0645475,0.318395,0.617057
154.jpg,0.209963,0.541028,0.249008
155.jpg,0.078375,0.395087,0.526538
156.jpg,0.0910685,0.391831,0.517101
157.jpg,0.0826146,0.344691,0.572694
158.jpg,0.0797401,0.310969,0.609291
159.jpg,0.175033,0.513596,0.311371
160.jpg,0.236247,0.549986,0.213767
161.jpg,0.0776419,0.287537,0.634822
162.jpg,0.0917654,0.390451,0.517783
163.jpg,0.076716,0.284766,0.638518
164.jpg,0.0922083,0.40676,0.501032
165.jpg,0.167258,0.416032,0.41671
166.jpg,0.0608867,0.35565,0.583464
167.jpg,0.083051,0.284817,0.632132
168.jpg,0.127872,0.408601,0.463526
169.jpg,0.105955,0.346636,0.547409
170.jpg,0.141088,0.401252,0.45766
171.jpg,0.0630012,0.290886,0.646113
172.jpg,0.119041,0.380688,0.50027
173.jpg,0.0450285,0.242822,0.71215
174.jpg,0.0743958,0.322765,0.602839
175.jpg,0.0767747,0.302483,0.620743
176.jpg,0.0954535,0.322705,0.581842
177.jpg,0.0720728,0.368916,0.559011
178.jpg,0.0746713,0.343416,0.581913
179.jpg,0.21919,0.430969,0.34984
180.jpg,0.0956062,0.385139,0.519255
181.jpg,0.110772,0.31948,0.569748
182.jpg,0.0395896,0.226517,0.733893
183.jpg,0.064594,0.27599,0.659416
184.jpg,0.0630466,0.336404,0.600549
185.jpg,0.109862,0.390838,0.499301
186.jpg,0.0920869,0.458864,0.449049
187.jpg,0.0510084,0.292506,0.656485
188.jpg,0.0758255,0.278374,0.645801
189.jpg,0.0720506,0.361039,0.566911
190.jpg,0.0658484,0.289827,0.644324
191.jpg,0.0545814,0.31794,0.627478
192.jpg,0.0419886,0.314148,0.643863
193.jpg,0.115462,0.363305,0.521233
194.jpg,0.0752937,0.358403,0.566303
195.jpg,0.0846304,0.399535,0.515834
196.jpg,0.100384,0.331874,0.567742
197.jpg,0.118148,0.482609,0.399243
198.jpg,0.0358444,0.251782,0.712374
199.jpg,0.0811165,0.384587,0.534297
200.jpg,0.104289,0.395091,0.50062
201.jpg,0.0909959,0.333965,0.575039
202.jpg,0.0560191,0.311763,0.632218
203.jpg,0.0300435,0.21859,0.751366
204.jpg,0.0494689,0.280896,0.669635
205.jpg,0.0843532,0.396416,0.519231
206.jpg,0.0535158,0.412128,0.534356
207.jpg,0.0451586,0.253273,0.701569
208.jpg,0.0804092,0.274094,0.645497
209.jpg,0.102571,0.36661,0.530819
210.jpg,0.0346688,0.241389,0.723942
211.jpg,0.110806,0.368402,0.520791
212.jpg,0.0913279,0.370354,0.538319
213.jpg,0.0597187,0.330014,0.610267
214.jpg,0.157293,0.452042,0.390665
215.jpg,0.178357,0.447318,0.374326
216.jpg,0.135149,0.382057,0.482794
217.jpg,0.228975,0.536964,0.234061
218.jpg,0.102081,0.551527,0.346392
219.jpg,0.08677,0.33824,0.57499
220.jpg,0.130938,0.755071,0.113991
221.jpg,0.0530552,0.297098,0.649846
222.jpg,0.0627045,0.312465,0.62483
223.jpg,0.0616399,0.331108,0.607252
224.jpg,0.0822614,0.32154,0.596199
225.jpg,0.0727126,0.391273,0.536015
226.jpg,0.0527349,0.33589,0.611375
227.jpg,0.0700762,0.293485,0.636439
228.jpg,0.17573,0.592008,0.232261
229.jpg,0.150776,0.4327,0.416523
230.jpg,0.07564,0.341422,0.582938
231.jpg,0.143753,0.401088,0.455159
232.jpg,0.0556111,0.312875,0.631514
233.jpg,0.130174,0.392999,0.476828
234.jpg,0.0698415,0.361205,0.568953
235.jpg,0.081736,0.333692,0.584572
236.jpg,0.0881422,0.390132,0.521726
237.jpg,0.0952759,0.332172,0.572552
238.jpg,0.077716,0.380169,0.542115
239.jpg,0.223449,0.632475,0.144076
240.jpg,0.0426407,0.268409,0.688951
241.jpg,0.250189,0.598229,0.151582
242.jpg,0.0450574,0.288508,0.666434
243.jpg,0.169047,0.507806,0.323147
244.jpg,0.0639857,0.322945,0.61307
245.jpg,0.213985,0.527073,0.258941
246.jpg,0.0963451,0.364488,0.539167
247.jpg,0.0518424,0.294676,0.653481
248.jpg,0.0835111,0.326298,0.590191
249.jpg,0.0534226,0.274063,0.672515
250.jpg,0.0891252,0.322933,0.587942
251.jpg,0.0772491,0.295716,0.627035
252.jpg,0.0898742,0.36445,0.545676
253.jpg,0.0651178,0.334536,0.600346
254.jpg,0.0813389,0.370345,0.548316
255.jpg,0.0950467,0.510725,0.394228
256.jpg,0.039425,0.269592,0.690983
257.jpg,0.158008,0.468049,0.373943
258.jpg,0.0914656,0.386183,0.522352
259.jpg,0.0567428,0.333079,0.610178
260.jpg,0.232634,0.573202,0.194164
261.jpg,0.124707,0.660031,0.215262
262.jpg,0.13384,0.408324,0.457836
263.jpg,0.0910399,0.426371,0.48259
264.jpg,0.061652,0.281168,0.65718
265.jpg,0.10862,0.394226,0.497154
266.jpg,0.0971382,0.394556,0.508306
267.jpg,0.219122,0.50236,0.278519
268.jpg,0.123539,0.436414,0.440047
269.jpg,0.217223,0.555533,0.227244
270.jpg,0.0377615,0.247537,0.714701
271.jpg,0.0701628,0.376215,0.553623
272.jpg,0.0769743,0.391337,0.531689
273.jpg,0.076859,0.372661,0.55048
274.jpg,0.0816048,0.326846,0.591549
275.jpg,0.0474639,0.348348,0.604188
276.jpg,0.0540699,0.338847,0.607083
277.jpg,0.0817824,0.494191,0.424027
278.jpg,0.0689969,0.35684,0.574163
279.jpg,0.0867441,0.303243,0.610013
280.jpg,0.0973638,0.387046,0.51559
281.jpg,0.086837,0.342478,0.570685
282.jpg,0.091837,0.33529,0.572873
283.jpg,0.0820872,0.372584,0.545329
284.jpg,0.0834296,0.437974,0.478596
285.jpg,0.151065,0.456308,0.392627
286.jpg,0.0849375,0.433044,0.482018
287.jpg,0.0775172,0.328356,0.594127
288.jpg,0.0395159,0.242616,0.717868
289.jpg,0.0913934,0.319439,0.589167
290.jpg,0.0808271,0.357443,0.561729
291.jpg,0.279358,0.609591,0.111051
292.jpg,0.156233,0.382124,0.461643
293.jpg,0.246111,0.48527,0.268619
294.jpg,0.162688,0.48062,0.356692
295.jpg,0.137739,0.362366,0.499895
296.jpg,0.073565,0.369289,0.557146
297.jpg,0.0534627,0.35549,0.591047
298.jpg,0.100144,0.425956,0.4739
299.jpg,0.107585,0.425826,0.466589
300.jpg,0.0871445,0.355988,0.556868
301.jpg,0.0752317,0.389964,0.534804
302.jpg,0.109118,0.438931,0.451952
303.jpg,0.155501,0.368059,0.47644
304.jpg,0.238927,0.439729,0.321344
305.jpg,0.0913235,0.353429,0.555248
306.jpg,0.0780261,0.297754,0.62422
307.jpg,0.056677,0.301478,0.641845
308.jpg,0.220759,0.702905,0.0763359
309.jpg,0.0691608,0.278972,0.651868
310.jpg,0.0778806,0.414678,0.507441
311.jpg,0.0767913,0.403708,0.519501
312.jpg,0.140475,0.46619,0.393335
313.jpg,0.0844807,0.342896,0.572623
314.jpg,0.137922,0.540652,0.321426
315.jpg,0.0811806,0.298135,0.620684
316.jpg,0.100561,0.357926,0.541513
317.jpg,0.056762,0.312539,0.630699
318.jpg,0.132573,0.428625,0.438802
319.jpg,0.0592415,0.309812,0.630946
320.jpg,0.115184,0.468209,0.416607
321.jpg,0.065932,0.362915,0.571153
322.jpg,0.0723193,0.328771,0.598909
323.jpg,0.132201,0.438382,0.429417
324.jpg,0.153186,0.500768,0.346046
325.jpg,0.0714334,0.317109,0.611457
326.jpg,0.0671791,0.285924,0.646896
327.jpg,0.0645109,0.354897,0.580593
328.jpg,0.0412637,0.310308,0.648429
329.jpg,0.0505526,0.276481,0.672966
330.jpg,0.118247,0.392869,0.488884
331.jpg,0.2295,0.501154,0.269345
332.jpg,0.16567,0.398257,0.436073
333.jpg,0.0373282,0.238705,0.723967
334.jpg,0.0621616,0.360416,0.577423
335.jpg,0.0764453,0.331384,0.59217
336.jpg,0.209253,0.458081,0.332666
337.jpg,0.0708055,0.384885,0.544309
338.jpg,0.10075,0.380856,0.518394
339.jpg,0.0576778,0.282558,0.659764
340.jpg,0.255487,0.496899,0.247614
341.jpg,0.0911744,0.32069,0.588135
342.jpg,0.12509,0.367557,0.507352
343.jpg,0.06298,0.265323,0.671697
344.jpg,0.0777026,0.335007,0.58729
345.jpg,0.0529097,0.309474,0.637616
346.jpg,0.0463209,0.332048,0.621631
347.jpg,0.184587,0.526605,0.288809
348.jpg,0.0759463,0.369789,0.554265
349.jpg,0.0764622,0.316467,0.607071
350.jpg,0.0709525,0.330881,0.598167
351.jpg,0.0738738,0.298895,0.627231
352.jpg,0.0655768,0.299488,0.634935
353.jpg,0.061692,0.331806,0.606502
354.jpg,0.130315,0.418972,0.450714
355.jpg,0.212252,0.390503,0.397245
356.jpg,0.127077,0.357747,0.515176
357.jpg,0.0283621,0.221997,0.749641
358.jpg,0.146636,0.574539,0.278825
359.jpg,0.0673447,0.282035,0.65062
360.jpg,0.173911,0.628863,0.197227
361.jpg,0.0694198,0.33332,0.597261
362.jpg,0.0708706,0.348782,0.580347
363.jpg,0.0717304,0.289117,0.639153
364.jpg,0.152149,0.381061,0.46679
365.jpg,0.0614882,0.291335,0.647177
366.jpg,0.0865463,0.356142,0.557312
367.jpg,0.104862,0.337741,0.557397
368.jpg,0.0356075,0.243753,0.720639
369.jpg,0.0621537,0.33333,0.604517
370.jpg,0.145807,0.49111,0.363084
371.jpg,0.145029,0.464944,0.390027
372.jpg,0.0620934,0.273764,0.664143
373.jpg,0.119444,0.417465,0.463091
374.jpg,0.0518923,0.295906,0.652202
375.jpg,0.120379,0.406509,0.473112
376.jpg,0.0464301,0.241578,0.711992
377.jpg,0.0536628,0.286165,0.660172
378.jpg,0.0922644,0.462672,0.445063
379.jpg,0.0705555,0.3356,0.593845
380.jpg,0.0703441,0.300049,0.629607
381.jpg,0.060004,0.295573,0.644423
382.jpg,0.23882,0.552221,0.208959
383.jpg,0.117641,0.373071,0.509288
384.jpg,0.0804938,0.373785,0.545722
385.jpg,0.104134,0.340338,0.555528
386.jpg,0.0828029,0.412294,0.504903
387.jpg,0.0991371,0.426381,0.474482
388.jpg,0.0671556,0.279643,0.653202
389.jpg,0.0815336,0.36264,0.555827
390.jpg,0.100832,0.356489,0.542678
391.jpg,0.0474052,0.250693,0.701902
392.jpg,0.0726666,0.276651,0.650683
393.jpg,0.0555981,0.315211,0.629191
394.jpg,0.0903798,0.501483,0.408137
395.jpg,0.0526446,0.267071,0.680284
396.jpg,0.253489,0.46725,0.27926
397.jpg,0.127791,0.449919,0.42229
398.jpg,0.0925927,0.42742,0.479987
399.jpg,0.0944591,0.387263,0.518278
400.jpg,0.11824,0.412127,0.469633
401.jpg,0.0318809,0.233746,0.734373
402.jpg,0.120328,0.372792,0.506881
403.jpg,0.0875445,0.319345,0.593111
404.jpg,0.10148,0.390737,0.507783
405.jpg,0.23044,0.618164,0.151396
406.jpg,0.244019,0.501774,0.254207
407.jpg,0.0667859,0.294087,0.639127
408.jpg,0.0663287,0.299125,0.634547
409.jpg,0.081888,0.372915,0.545197
410.jpg,0.0778649,0.367291,0.554844
411.jpg,0.136017,0.760775,0.103209
412.jpg,0.134438,0.437275,0.428288
413.jpg,0.0683335,0.399295,0.532372
414.jpg,0.0968875,0.334677,0.568436
415.jpg,0.0710502,0.286896,0.642053
416.jpg,0.0677566,0.280522,0.651721
417.jpg,0.068028,0.341976,0.589996
418.jpg,0.0816956,0.36267,0.555634
419.jpg,0.0873757,0.322786,0.589839
420.jpg,0.0544851,0.285964,0.659551
421.jpg,0.119494,0.431269,0.449237
422.jpg,0.105648,0.380285,0.514067
423.jpg,0.0591893,0.298237,0.642574
424.jpg,0.0475315,0.302323,0.650145
425.jpg,0.0729403,0.33032,0.59674
426.jpg,0.0472566,0.234303,0.71844
427.jpg,0.0645393,0.354669,0.580791
428.jpg,0.104163,0.464226,0.431611
429.jpg,0.10293,0.392122,0.504949
430.jpg,0.0737735,0.308611,0.617615
431.jpg,0.170269,0.446266,0.383465
432.jpg,0.0873427,0.402912,0.509745
433.jpg,0.0538708,0.328828,0.617302
434.jpg,0.276243,0.565113,0.158644
435.jpg,0.0888862,0.317003,0.594111
436.jpg,0.0601064,0.296499,0.643395
437.jpg,0.0810667,0.447836,0.471097
438.jpg,0.104591,0.46405,0.431359
439.jpg,0.0740754,0.362789,0.563136
440.jpg,0.0629,0.326078,0.611022
441.jpg,0.141698,0.405225,0.453077
442.jpg,0.092928,0.400913,0.506159
443.jpg,0.0818891,0.370395,0.547716
444.jpg,0.0861539,0.37907,0.534777
445.jpg,0.0764095,0.345805,0.577786
446.jpg,0.114327,0.4256,0.460073
447.jpg,0.0767226,0.318165,0.605113
448.jpg,0.079719,0.370647,0.549634
449.jpg,0.0833868,0.281305,0.635308
450.jpg,0.0411447,0.250224,0.708631
451.jpg,0.055615,0.395792,0.548594
452.jpg,0.0641401,0.325539,0.610321
453.jpg,0.202018,0.431734,0.366248
454.jpg,0.0703612,0.361554,0.568084
455.jpg,0.0643751,0.305208,0.630417
456.jpg,0.306805,0.621983,0.0712124
457.jpg,0.231259,0.454174,0.314567
458.jpg,0.113639,0.497787,0.388574
459.jpg,0.218225,0.504803,0.276972
460.jpg,0.216245,0.481664,0.302091
461.jpg,0.0381487,0.228109,0.733743
462.jpg,0.0648025,0.309262,0.625936
463.jpg,0.0506364,0.231131,0.718233
464.jpg,0.191514,0.475007,0.333479
465.jpg,0.0769728,0.41393,0.509098
466.jpg,0.165674,0.686213,0.148112
467.jpg,0.121401,0.391257,0.487342
468.jpg,0.055911,0.355454,0.588635
469.jpg,0.0464967,0.263121,0.690382
470.jpg,0.108956,0.350366,0.540678
471.jpg,0.126304,0.361282,0.512414
472.jpg,0.0722426,0.305944,0.621813
473.jpg,0.104894,0.417709,0.477396
474.jpg,0.033728,0.240271,0.726001
475.jpg,0.0500305,0.287526,0.662443
476.jpg,0.140857,0.422464,0.436679
477.jpg,0.0993886,0.366196,0.534415
478.jpg,0.0585659,0.341501,0.599933
479.jpg,0.0607587,0.323983,0.615258
480.jpg,0.15029,0.391944,0.457766
481.jpg,0.0418641,0.256995,0.701141
482.jpg,0.159977,0.408119,0.431904
483.jpg,0.29769,0.534327,0.167982
484.jpg,0.0620248,0.318004,0.619971
485.jpg,0.0792915,0.35392,0.566789
486.jpg,0.078189,0.319015,0.602796
487.jpg,0.128127,0.392004,0.479869
488.jpg,0.0611343,0.368885,0.569981
489.jpg,0.0663829,0.39315,0.540467
490.jpg,0.0504763,0.294061,0.655463
491.jpg,0.0654431,0.358517,0.57604
492.jpg,0.0991229,0.403258,0.497619
493.jpg,0.0698313,0.35361,0.576559
494.jpg,0.0972393,0.293705,0.609056
495.jpg,0.0918965,0.469269,0.438834
496.jpg,0.0598019,0.348894,0.591304
497.jpg,0.102183,0.380987,0.516829
498.jpg,0.0829274,0.309256,0.607816
499.jpg,0.0476206,0.2802,0.672179
500.jpg,0.077937,0.328227,0.593836
501.jpg,0.105402,0.387443,0.507155
502.jpg,0.069023,0.307689,0.623288
503.jpg,0.0636694,0.338219,0.598111
504.jpg,0.044005,0.239266,0.716729
505.jpg,0.175807,0.56417,0.260023
506.jpg,0.167249,0.513221,0.319531
507.jpg,0.0796963,0.338756,0.581547
508.jpg,0.0937934,0.363086,0.543121
509.jpg,0.0911544,0.308832,0.600013
510.jpg,0.0702976,0.372764,0.556939
511.jpg,0.0943318,0.384025,0.521643
