image_name,Type_1,Type_2,Type_3
0.jpg,0.100171,0.462061,0.437768
1.jpg,0.0936632,0.392174,0.514163
2.jpg,0.228228,0.476785,0.294987
3.jpg,0.0982965,0.425746,0.475957
4.jpg,0.0841783,0.369691,0.546131
5.jpg,0.156515,0.39947,0.444015
6.jpg,0.156941,0.404068,0.43899
7.jpg,0.0683822,0.433466,0.498152
8.jpg,0.171181,0.487939,0.34088
9.jpg,0.147687,0.425168,0.427145
10.jpg,0.188831,0.428058,0.383111
11.jpg,0.101722,0.335074,0.563204
12.jpg,0.086181,0.375857,0.537962
13.jpg,0.0664495,0.341916,0.591635
14.jpg,0.0773569,0.334521,0.588122
15.jpg,0.089373,0.370666,0.539961
16.jpg,0.0607551,0.288915,0.650329
17.jpg,0.0910469,0.39846,0.510493
18.jpg,0.102319,0.332206,0.565475
19.jpg,0.091877,0.355002,0.553121
20.jpg,0.186649,0.409261,0.404089
21.jpg,0.221861,0.435232,0.342907
22.jpg,0.108204,0.39539,0.496406
23.jpg,0.0785003,0.387266,0.534234
24.jpg,0.087,0.368022,0.544978
25.jpg,0.143252,0.4046,0.452148
26.jpg,0.133306,0.392157,0.474537
27.jpg,0.110679,0.438329,0.450992
28.jpg,0.128783,0.428182,0.443035
29.jpg,0.105443,0.390946,0.503611
30.jpg,0.09564,0.413575,0.490785
31.jpg,0.109433,0.349115,0.541452
32.jpg,0.0816589,0.315696,0.602645
33.jpg,0.0752424,0.339327,0.585431
34.jpg,0.0501945,0.285355,0.664451
35.jpg,0.151053,0.408689,0.440258
36.jpg,0.163902,0.497125,0.338973
37.jpg,0.191511,0.403441,0.405049
38.jpg,0.0889569,0.342169,0.568874
39.jpg,0.109913,0.41324,0.476847
40.jpg,0.0896228,0.324869,0.585508
41.jpg,0.101678,0.40661,0.491711
42.jpg,0.119296,0.429695,0.451009
43.jpg,0.118101,0.430364,0.451535
44.jpg,0.107606,0.400073,0.492321
45.jpg,0.121332,0.43468,0.443989
46.jpg,0.0709425,0.377499,0.551558
47.jpg,0.299025,0.450378,0.250597
48.jpg,0.100366,0.432875,0.466759
49.jpg,0.071922,0.391728,0.53635
50.jpg,0.106402,0.377844,0.515754
51.jpg,0.199563,0.409226,0.391211
52.jpg,0.125286,0.406006,0.468708
53.jpg,0.0757189,0.346279,0.578002
54.jpg,0.083844,0.342501,0.573655
55.jpg,0.043285,0.492255,0.46446
56.jpg,0.0970782,0.350754,0.552168
57.jpg,0.104673,0.38541,0.509917
58.jpg,0.0618265,0.282063,0.656111
59.jpg,0.171834,0.377793,0.450374
60.jpg,0.117677,0.402644,0.479679
61.jpg,0.243219,0.469623,0.287158
62.jpg,0.0860007,0.327691,0.586308
63.jpg,0.123076,0.410154,0.46677
64.jpg,0.288975,0.406275,0.30475
65.jpg,0.546528,0.346243,0.107229
66.jpg,0.136726,0.334364,0.52891
67.jpg,0.0912629,0.405075,0.503662
68.jpg,0.136623,0.43519,0.428188
69.jpg,0.149463,0.547271,0.303266
70.jpg,0.0898727,0.364161,0.545967
71.jpg,0.0844264,0.340449,0.575124
72.jpg,0.238483,0.540278,0.221239
73.jpg,0.0942968,0.406533,0.49917
74.jpg,0.0854175,0.378366,0.536217
75.jpg,0.230015,0.474518,0.295467
76.jpg,0.111499,0.418008,0.470493
77.jpg,0.0721409,0.392179,0.53568
78.jpg,0.047042,0.278888,0.67407
79.jpg,0.278158,0.436746,0.285096
80.jpg,0.133809,0.424733,0.441458
81.jpg,0.0564836,0.290828,0.652688
82.jpg,0.231404,0.4863,0.282295
83.jpg,0.0691723,0.387502,0.543326
84.jpg,0.128229,0.420007,0.451764
85.jpg,0.192692,0.400717,0.406591
86.jpg,0.0841056,0.356393,0.559502
87.jpg,0.0844063,0.439597,0.475996
88.jpg,0.198193,0.439257,0.36255
89.jpg,0.079998,0.440229,0.479773
90.jpg,0.0913959,0.395779,0.512825
91.jpg,0.177064,0.423202,0.399733
92.jpg,0.093165,0.337862,0.568973
93.jpg,0.0924941,0.385817,0.521689
94.jpg,0.213574,0.508286,0.27814
95.jpg,0.108626,0.391503,0.49987
96.jpg,0.191297,0.404485,0.404219
97.jpg,0.093033,0.42397,0.482996
98.jpg,0.470301,0.41847,0.111229
99.jpg,0.0789805,0.373108,0.547912
100.jpg,0.156929,0.445378,0.397692
101.jpg,0.0868283,0.408627,0.504545
102.jpg,0.0820714,0.497815,0.420113
103.jpg,0.0709553,0.342329,0.586715
104.jpg,0.103862,0.374931,0.521208
105.jpg,0.086446,0.393165,0.520389
106.jpg,0.102364,0.386445,0.51119
107.jpg,0.0776949,0.344596,0.577709
108.jpg,0.085826,0.361972,0.552202
109.jpg,0.0987474,0.39678,0.504472
110.jpg,0.149165,0.433011,0.417824
111.jpg,0.0857827,0.412455,0.501762
112.jpg,0.107114,0.416666,0.47622
113.jpg,0.12557,0.411309,0.46312
114.jpg,0.126509,0.448418,0.425073
115.jpg,0.088672,0.393112,0.518216
116.jpg,0.0991701,0.350208,0.550621
117.jpg,0.142765,0.368969,0.488265
118.jpg,0.0920455,0.394151,0.513803
119.jpg,0.0992241,0.331826,0.56895
120.jpg,0.138308,0.443883,0.417809
121.jpg,0.086637,0.365167,0.548196
122.jpg,0.06013,0.324563,0.615307
123.jpg,0.246797,0.462352,0.290852
124.jpg,0.0958614,0.406528,0.497611
125.jpg,0.0888614,0.366227,0.544911
126.jpg,0.108571,0.365841,0.525587
127.jpg,0.119428,0.392046,0.488526
128.jpg,0.267267,0.501028,0.231705
129.jpg,0.0926582,0.322703,0.584639
130.jpg,0.0757613,0.423807,0.500432
131.jpg,0.0674986,0.347879,0.584623
132.jpg,0.103045,0.354246,0.542708
133.jpg,0.0826225,0.348099,0.569278
134.jpg,0.131044,0.414965,0.453991
135.jpg,0.0615921,0.342756,0.595652
136.jpg,0.131591,0.379296,0.489113
137.jpg,0.0955895,0.340421,0.56399
138.jpg,0.121527,0.351437,0.527036
139.jpg,0.278686,0.49321,0.228104
140.jpg,0.111838,0.394959,0.493203
141.jpg,0.074278,0.379503,0.546219
142.jpg,0.281671,0.427809,0.29052
143.jpg,0.0983601,0.383334,0.518306
144.jpg,0.1641,0.435479,0.400421
145.jpg,0.0992416,0.353963,0.546795
146.jpg,0.166719,0.438951,0.39433
147.jpg,0.129152,0.426319,0.444529
148.jpg,0.104398,0.483775,0.411827
149.jpg,0.0646602,0.459567,0.475773
150.jpg,0.316518,0.505457,0.178025
151.jpg,0.0509241,0.331392,0.617683
152.jpg,0.103399,0.382129,0.514472
153.jpg,0.0708488,0.327296,0.601855
154.jpg,0.29453,0.461452,0.244018
155.jpg,0.12024,0.430848,0.448913
156.jpg,0.0954914,0.396485,0.508024
157.jpg,0.115284,0.370805,0.51391
158.jpg,0.0971071,0.387148,0.515745
159.jpg,0.187575,0.433131,0.379294
160.jpg,0.253939,0.455247,0.290815
161.jpg,0.0925187,0.373322,0.534159
162.jpg,0.127292,0.451531,0.421177
163.jpg,0.129443,0.369027,0.501529
164.jpg,0.120233,0.423348,0.456419
165.jpg,0.207743,0.414067,0.37819
166.jpg,0.0688311,0.361697,0.569472
167.jpg,0.0883024,0.346795,0.564903
168.jpg,0.135247,0.372129,0.492624
169.jpg,0.113848,0.365115,0.521037
170.jpg,0.125226,0.411966,0.462807
171.jpg,0.076001,0.313689,0.61031
172.jpg,0.123919,0.389029,0.487053
173.jpg,0.0604062,0.317419,0.622175
174.jpg,0.0593919,0.276366,0.664242
175.jpg,0.0874351,0.334573,0.577992
176.jpg,0.0951352,0.353799,0.551066
177.jpg,0.121393,0.426998,0.45161
178.jpg,0.108166,0.377743,0.514091
179.jpg,0.207593,0.412659,0.379748
180.jpg,0.116194,0.407217,0.476589
181.jpg,0.105174,0.38403,0.510796
182.jpg,0.059116,0.315249,0.625635
183.jpg,0.0745599,0.360388,0.565052
184.jpg,0.110707,0.382289,0.507004
185.jpg,0.143315,0.427711,0.428974
186.jpg,0.121733,0.451457,0.42681
187.jpg,0.0537555,0.29745,0.648795
188.jpg,0.0872264,0.317786,0.594987
189.jpg,0.075363,0.407545,0.517092
190.jpg,0.100118,0.362112,0.53777
191.jpg,0.0652187,0.302829,0.631952
192.jpg,0.0700311,0.400128,0.529841
193.jpg,0.128962,0.383355,0.487683
194.jpg,0.121964,0.430232,0.447804
195.jpg,0.13686,0.441444,0.421696
196.jpg,0.173339,0.399325,0.427336
197.jpg,0.213081,0.52597,0.260949
198.jpg,0.0599945,0.304784,0.635222
199.jpg,0.0883279,0.38623,0.525442
200.jpg,0.130404,0.420946,0.44865
201.jpg,0.125187,0.400093,0.47472
202.jpg,0.0758357,0.372914,0.55125
203.jpg,0.0435442,0.257592,0.698864
204.jpg,0.0787507,0.35991,0.561339
205.jpg,0.113226,0.419703,0.467071
206.jpg,0.083329,0.484911,0.43176
207.jpg,0.0576882,0.337886,0.604426
208.jpg,0.0845373,0.354104,0.561359
209.jpg,0.086096,0.366117,0.547787
210.jpg,0.0502801,0.28671,0.66301
211.jpg,0.121918,0.381631,0.496451
212.jpg,0.104724,0.380665,0.514611
213.jpg,0.0752107,0.382875,0.541914
214.jpg,0.181168,0.434407,0.384425
215.jpg,0.225401,0.446145,0.328454
216.jpg,0.142213,0.359116,0.498671
217.jpg,0.355577,0.460994,0.183429
218.jpg,0.161061,0.495026,0.343913
219.jpg,0.0982773,0.386238,0.515485
220.jpg,0.196866,0.605081,0.198053
221.jpg,0.0748625,0.349432,0.575705
222.jpg,0.0953463,0.385795,0.518859
223.jpg,0.0844163,0.377419,0.538164
224.jpg,0.0938028,0.396513,0.509685
225.jpg,0.0977294,0.423027,0.479243
226.jpg,0.0982955,0.470109,0.431596
227.jpg,0.0879635,0.342159,0.569877
228.jpg,0.222397,0.494924,0.282679
229.jpg,0.127943,0.386031,0.486026
230.jpg,0.0881404,0.349956,0.561904
231.jpg,0.321173,0.444373,0.234454
232.jpg,0.0796649,0.414023,0.506312
233.jpg,0.163649,0.417165,0.419186
234.jpg,0.114258,0.411529,0.474213
235.jpg,0.113623,0.355021,0.531355
236.jpg,0.141693,0.451578,0.406729
237.jpg,0.107652,0.413999,0.47835
238.jpg,0.101441,0.415895,0.482664
239.jpg,0.26764,0.49452,0.23784
240.jpg,0.0637037,0.348081,0.588215
241.jpg,0.269429,0.466043,0.264527
242.jpg,0.0600843,0.331046,0.608869
243.jpg,0.258882,0.430252,0.310866
244.jpg,0.0752845,0.372243,0.552472
245.jpg,0.205896,0.449779,0.344325
246.jpg,0.113635,0.388351,0.498014
247.jpg,0.05196,0.33244,0.6156
248.jpg,0.080396,0.357263,0.562341
249.jpg,0.0766886,0.359325,0.563986
250.jpg,0.1033,0.348089,0.548611
251.jpg,0.10618,0.362451,0.531368
252.jpg,0.0969123,0.386948,0.516139
253.jpg,0.0832853,0.384441,0.532274
254.jpg,0.125062,0.436535,0.438403
255.jpg,0.12441,0.450259,0.425331
256.jpg,0.0685311,0.412855,0.518614
257.jpg,0.189066,0.433497,0.377437
258.jpg,0.102547,0.40968,0.487774
259.jpg,0.078242,0.368635,0.553123
260.jpg,0.223048,0.46688,0.310072
261.jpg,0.179006,0.525253,0.295742
262.jpg,0.125386,0.403537,0.471077
263.jpg,0.108447,0.452599,0.438954
264.jpg,0.0691903,0.344396,0.586414
265.jpg,0.106445,0.41042,0.483136
266.jpg,0.105086,0.412371,0.482543
267.jpg,0.272889,0.430334,0.296777
268.jpg,0.147318,0.421569,0.431113
269.jpg,0.315555,0.488797,0.195648
270.jpg,0.0496093,0.295895,0.654496
271.jpg,0.0586955,0.352201,0.589103
272.jpg,0.0997099,0.415708,0.484582
273.jpg,0.104941,0.423008,0.472051
274.jpg,0.104518,0.370232,0.52525
275.jpg,0.0973011,0.456597,0.446101
276.jpg,0.0854439,0.452693,0.461863
277.jpg,0.102344,0.427039,0.470617
278.jpg,0.10464,0.417928,0.477431
279.jpg,0.0892426,0.382706,0.528051
280.jpg,0.112397,0.392179,0.495424
281.jpg,0.0955672,0.389365,0.515068
282.jpg,0.102076,0.384796,0.513128
283.jpg,0.097701,0.390475,0.511824
284.jpg,0.121482,0.433802,0.444715
285.jpg,0.185425,0.430313,0.384262
286.jpg,0.11893,0.448887,0.432183
287.jpg,0.0801324,0.377749,0.542118
288.jpg,0.0584868,0.283867,0.657646
289.jpg,0.127689,0.371103,0.501208
290.jpg,0.102651,0.379217,0.518132
291.jpg,0.301861,0.4996,0.198539
292.jpg,0.35192,0.384537,0.263543
293.jpg,0.305011,0.432743,0.262247
294.jpg,0.170649,0.382116,0.447236
295.jpg,0.166565,0.391635,0.4418
296.jpg,0.0993191,0.412353,0.488328
297.jpg,0.0855482,0.463421,0.45103
298.jpg,0.089091,0.33549,0.575419
299.jpg,0.136349,0.421237,0.442413
300.jpg,0.140747,0.42346,0.435793
301.jpg,0.112323,0.431383,0.456294
302.jpg,0.128919,0.432339,0.438742
303.jpg,0.132702,0.369386,0.497912
304.jpg,0.224658,0.407027,0.368315
305.jpg,0.111205,0.406163,0.482632
306.jpg,0.0967936,0.356155,0.547051
307.jpg,0.0884861,0.378308,0.533206
308.jpg,0.322475,0.521731,0.155794
309.jpg,0.0836881,0.37174,0.544572
310.jpg,0.11875,0.436466,0.444785
311.jpg,0.106463,0.38277,0.510768
312.jpg,0.155265,0.450366,0.394369
313.jpg,0.0755164,0.360432,0.564051
314.jpg,0.194206,0.473913,0.331881
315.jpg,0.0775298,0.319372,0.603099
316.jpg,0.111309,0.38354,0.505151
317.jpg,0.073872,0.358712,0.567416
318.jpg,0.153038,0.43655,0.410412
319.jpg,0.119778,0.399512,0.48071
320.jpg,0.162131,0.443992,0.393877
321.jpg,0.0883716,0.409891,0.501737
322.jpg,0.0987925,0.421634,0.479573
323.jpg,0.139767,0.437517,0.422716
324.jpg,0.154011,0.433741,0.412247
325.jpg,0.0780303,0.378345,0.543625
326.jpg,0.0913568,0.380668,0.527975
327.jpg,0.0808689,0.425353,0.493778
328.jpg,0.0757119,0.435517,0.488771
329.jpg,0.0741542,0.321764,0.604082
330.jpg,0.142457,0.4309,0.426642
331.jpg,0.24362,0.415582,0.340798
332.jpg,0.173989,0.402336,0.423674
333.jpg,0.0458689,0.279986,0.674145
334.jpg,0.0973151,0.398464,0.504221
335.jpg,0.0823229,0.337573,0.580104
336.jpg,0.247503,0.433357,0.31914
337.jpg,0.11579,0.430444,0.453766
338.jpg,0.142156,0.398689,0.459155
339.jpg,0.0781686,0.346358,0.575473
340.jpg,0.262691,0.437085,0.300224
341.jpg,0.111513,0.365095,0.523392
342.jpg,0.0957764,0.328519,0.575705
343.jpg,0.0633673,0.330639,0.605994
344.jpg,0.147341,0.451351,0.401308
345.jpg,0.113612,0.404055,0.482333
346.jpg,0.0716695,0.439706,0.488624
347.jpg,0.263841,0.450229,0.285931
348.jpg,0.105776,0.407573,0.486651
349.jpg,0.07532,0.365865,0.558815
350.jpg,0.112159,0.391732,0.496109
351.jpg,0.0828267,0.353022,0.564151
352.jpg,0.117567,0.361256,0.521177
353.jpg,0.0992346,0.363201,0.537565
354.jpg,0.152094,0.419984,0.427922
355.jpg,0.226481,0.38156,0.391959
356.jpg,0.157331,0.386833,0.455836
357.jpg,0.0456369,0.30397,0.650394
358.jpg,0.170182,0.461351,0.368467
359.jpg,0.0739921,0.329099,0.596909
360.jpg,0.23986,0.51432,0.24582
361.jpg,0.0961304,0.411772,0.492098
362.jpg,0.0885661,0.353601,0.557833
363.jpg,0.105155,0.359067,0.535778
364.jpg,0.0973898,0.323511,0.579099
365.jpg,0.0927589,0.3584,0.548841
366.jpg,0.0934173,0.392886,0.513697
367.jpg,0.13786,0.366438,0.495701
368.jpg,0.0523918,0.303884,0.643724
369.jpg,0.0946622,0.388749,0.516589
370.jpg,0.160403,0.43444,0.405157
371.jpg,0.213802,0.448044,0.338153
372.jpg,0.0802798,0.347864,0.571856
373.jpg,0.145789,0.416368,0.437843
374.jpg,0.0641568,0.42292,0.512923
375.jpg,0.153728,0.406053,0.440219
376.jpg,0.079124,0.343172,0.577704
377.jpg,0.102077,0.373897,0.524027
378.jpg,0.131154,0.457073,0.411773
379.jpg,0.0910514,0.382567,0.526382
380.jpg,0.094616,0.350464,0.55492
381.jpg,0.0572347,0.288612,0.654153
382.jpg,0.261137,0.483821,0.255042
383.jpg,0.184727,0.393771,0.421502
384.jpg,0.105794,0.392885,0.501321
385.jpg,0.107399,0.393055,0.499546
386.jpg,0.108181,0.442033,0.449786
387.jpg,0.110618,0.440069,0.449314
388.jpg,0.0817412,0.337295,0.580964
389.jpg,0.115114,0.407974,0.476912
390.jpg,0.107878,0.365881,0.526241
391.jpg,0.0785754,0.342081,0.579343
392.jpg,0.0884246,0.378169,0.533407
393.jpg,0.0985526,0.38868,0.512767
394.jpg,0.128831,0.475101,0.396068
395.jpg,0.0774347,0.331011,0.591555
396.jpg,0.21218,0.417998,0.369822
397.jpg,0.157969,0.435491,0.40654
398.jpg,0.10207,0.426951,0.470978
399.jpg,0.109629,0.404347,0.486024
400.jpg,0.115162,0.424535,0.460303
401.jpg,0.0439591,0.284044,0.671997
402.jpg,0.139846,0.424638,0.435516
403.jpg,0.0945212,0.336093,0.569386
404.jpg,0.129858,0.429061,0.44108
405.jpg,0.267003,0.511004,0.221993
406.jpg,0.224682,0.429592,0.345726
407.jpg,0.087994,0.341296,0.57071
408.jpg,0.0766055,0.380123,0.543271
409.jpg,0.101884,0.428271,0.469845
410.jpg,0.106361,0.409495,0.484144
411.jpg,0.194371,0.578524,0.227105
412.jpg,0.117627,0.353775,0.528598
413.jpg,0.0987967,0.452697,0.448506
414.jpg,0.0937975,0.34756,0.558642
415.jpg,0.110174,0.352464,0.537362
416.jpg,0.0854809,0.325446,0.589073
417.jpg,0.0777863,0.379122,0.543092
418.jpg,0.103071,0.403767,0.493162
419.jpg,0.0902327,0.323956,0.585811
420.jpg,0.0621042,0.30128,0.636616
421.jpg,0.110606,0.405902,0.483493
422.jpg,0.123386,0.405808,0.470806
423.jpg,0.0780823,0.354075,0.567843
424.jpg,0.063473,0.375611,0.560916
425.jpg,0.0955291,0.379476,0.524995
426.jpg,0.0653457,0.28315,0.651504
427.jpg,0.0908632,0.404481,0.504655
428.jpg,0.116821,0.393252,0.489927
429.jpg,0.111338,0.403064,0.485598
430.jpg,0.107414,0.36654,0.526047
431.jpg,0.280632,0.440517,0.278851
432.jpg,0.108225,0.426648,0.465127
433.jpg,0.0758874,0.410426,0.513686
434.jpg,0.259896,0.441339,0.298764
435.jpg,0.0889691,0.332455,0.578576
436.jpg,0.0938348,0.326086,0.580079
437.jpg,0.104346,0.424862,0.470792
438.jpg,0.128767,0.43571,0.435523
439.jpg,0.106635,0.404481,0.488884
440.jpg,0.0911563,0.380074,0.52877
441.jpg,0.122482,0.396295,0.481223
442.jpg,0.126478,0.423599,0.449923
443.jpg,0.121309,0.430897,0.447794
444.jpg,0.133774,0.511461,0.354765
445.jpg,0.100057,0.398858,0.501084
446.jpg,0.116242,0.444032,0.439725
447.jpg,0.0927529,0.359943,0.547304
448.jpg,0.116062,0.423098,0.46084
449.jpg,0.114204,0.36354,0.522256
450.jpg,0.0512064,0.273179,0.675614
451.jpg,0.0875827,0.480562,0.431856
452.jpg,0.0842017,0.353842,0.561956
453.jpg,0.203134,0.418083,0.378783
454.jpg,0.0707416,0.354384,0.574874
455.jpg,0.0951867,0.371262,0.533552
456.jpg,0.336383,0.491194,0.172423
457.jpg,0.314378,0.427234,0.258388
458.jpg,0.173277,0.451714,0.375009
459.jpg,0.210504,0.437052,0.352445
460.jpg,0.277624,0.422827,0.299549
461.jpg,0.0566525,0.294409,0.648939
462.jpg,0.0886435,0.353778,0.557579
463.jpg,0.0663058,0.286946,0.646748
464.jpg,0.194057,0.440525,0.365417
465.jpg,0.126691,0.447921,0.425388
466.jpg,0.203089,0.530872,0.266039
467.jpg,0.146902,0.398501,0.454597
468.jpg,0.0998945,0.455612,0.444494
469.jpg,0.0778825,0.330962,0.591156
470.jpg,0.140251,0.394339,0.46541
471.jpg,0.158129,0.387562,0.454308
472.jpg,0.0850704,0.346807,0.568122
473.jpg,0.12845,0.41522,0.45633
474.jpg,0.0593511,0.338745,0.601904
475.jpg,0.0643148,0.384812,0.550873
476.jpg,0.134226,0.368294,0.49748
477.jpg,0.165289,0.428164,0.406548
478.jpg,0.0892643,0.417478,0.493258
479.jpg,0.0766361,0.389918,0.533446
480.jpg,0.1677,0.433311,0.398989
481.jpg,0.0680055,0.307378,0.624616
482.jpg,0.203341,0.421876,0.374783
483.jpg,0.320331,0.453618,0.226051
484.jpg,0.0844792,0.356102,0.559418
485.jpg,0.0926151,0.427728,0.479657
486.jpg,0.0944433,0.321022,0.584535
487.jpg,0.167008,0.416899,0.416093
488.jpg,0.0983146,0.450948,0.450737
489.jpg,0.102087,0.398396,0.499516
490.jpg,0.0669791,0.343509,0.589512
491.jpg,0.089847,0.415176,0.494977
492.jpg,0.116477,0.442427,0.441096
493.jpg,0.120588,0.404651,0.474761
494.jpg,0.0929513,0.31974,0.587309
495.jpg,0.16399,0.478414,0.357596
496.jpg,0.0847134,0.40256,0.512726
497.jpg,0.139069,0.422758,0.438172
498.jpg,0.139872,0.377414,0.482713
499.jpg,0.0629237,0.325332,0.611744
500.jpg,0.108285,0.381542,0.510173
501.jpg,0.172509,0.424728,0.402763
502.jpg,0.121501,0.383885,0.494614
503.jpg,0.0861921,0.40318,0.510628
504.jpg,0.0569771,0.301854,0.641168
505.jpg,0.189479,0.464503,0.346018
506.jpg,0.199998,0.458348,0.341654
507.jpg,0.09504,0.386269,0.51869
508.jpg,0.0925954,0.398603,0.508801
509.jpg,0.0987733,0.372352,0.528874
510.jpg,0.115496,0.435437,0.449067
511.jpg,0.0967718,0.398754,0.504474
