image_name,Type_1,Type_2,Type_3
0.jpg,0.107371,0.617565,0.275064
1.jpg,0.125814,0.490341,0.383845
2.jpg,0.161809,0.656663,0.181528
3.jpg,0.099314,0.580277,0.320409
4.jpg,0.115427,0.432992,0.45158
5.jpg,0.128169,0.468466,0.403365
6.jpg,0.100081,0.497387,0.402532
7.jpg,0.0803055,0.514753,0.404942
8.jpg,0.135942,0.733721,0.130337
9.jpg,0.135216,0.557691,0.307092
10.jpg,0.219249,0.588223,0.192528
11.jpg,0.125575,0.453409,0.421016
12.jpg,0.102385,0.46235,0.435265
13.jpg,0.0893935,0.515983,0.394624
14.jpg,0.109519,0.513611,0.37687
15.jpg,0.106812,0.420648,0.472541
16.jpg,0.0700957,0.406062,0.523843
17.jpg,0.0992241,0.625199,0.275577
18.jpg,0.0861731,0.46211,0.451717
19.jpg,0.092602,0.39027,0.517128
20.jpg,0.105487,0.48118,0.413333
21.jpg,0.188764,0.50019,0.311046
22.jpg,0.100907,0.472023,0.427069
23.jpg,0.0970776,0.547681,0.355242
24.jpg,0.164976,0.567863,0.267161
25.jpg,0.146285,0.576277,0.277438
26.jpg,0.126786,0.533689,0.339524
27.jpg,0.11604,0.532169,0.351791
28.jpg,0.134883,0.543782,0.321335
29.jpg,0.114576,0.592348,0.293076
30.jpg,0.118556,0.594881,0.286563
31.jpg,0.0878046,0.374884,0.537312
32.jpg,0.0775009,0.445098,0.477401
33.jpg,0.0899754,0.450418,0.459607
34.jpg,0.0740476,0.474157,0.451796
35.jpg,0.139022,0.588341,0.272636
36.jpg,0.126818,0.629046,0.244136
37.jpg,0.152516,0.582046,0.265438
38.jpg,0.0881661,0.563663,0.348171
39.jpg,0.120906,0.4859,0.393193
40.jpg,0.0933746,0.329901,0.576725
41.jpg,0.112255,0.459625,0.42812
42.jpg,0.254532,0.50183,0.243639
43.jpg,0.114027,0.490685,0.395287
44.jpg,0.106801,0.586916,0.306283
45.jpg,0.116154,0.492636,0.39121
46.jpg,0.0768922,0.580169,0.342939
47.jpg,0.143758,0.582667,0.273575
48.jpg,0.108532,0.530455,0.361013
49.jpg,0.102292,0.500997,0.39671
50.jpg,0.0831875,0.38201,0.534802
51.jpg,0.118551,0.592993,0.288456
52.jpg,0.118414,0.543924,0.337661
53.jpg,0.100618,0.480115,0.419267
54.jpg,0.113464,0.4493,0.437236
55.jpg,0.110403,0.549343,0.340254
56.jpg,0.108834,0.397609,0.493557
57.jpg,0.115607,0.653101,0.231292
58.jpg,0.0732962,0.392686,0.534018
59.jpg,0.129997,0.437708,0.432295
60.jpg,0.115748,0.547354,0.336897
61.jpg,0.188361,0.675383,0.136256
62.jpg,0.0857621,0.439279,0.474958
63.jpg,0.11758,0.548859,0.333561
64.jpg,0.160193,0.616966,0.222841
65.jpg,0.239615,0.621029,0.139356
66.jpg,0.121093,0.515104,0.363803
67.jpg,0.105837,0.516753,0.37741
68.jpg,0.108148,0.481492,0.41036
69.jpg,0.131521,0.654467,0.214011
70.jpg,0.09054,0.545117,0.364343
71.jpg,0.113474,0.447683,0.438843
72.jpg,0.128882,0.729872,0.141246
73.jpg,0.101905,0.549778,0.348317
74.jpg,0.105308,0.49399,0.400702
75.jpg,0.208867,0.629486,0.161648
76.jpg,0.136044,0.571298,0.292658
77.jpg,0.0770248,0.566636,0.356339
78.jpg,0.0725166,0.398462,0.529022
79.jpg,0.14322,0.561834,0.294945
80.jpg,0.145776,0.602859,0.251364
81.jpg,0.0669616,0.471091,0.461948
82.jpg,0.178548,0.590738,0.230714
83.jpg,0.0933862,0.531629,0.374985
84.jpg,0.124906,0.580736,0.294358
85.jpg,0.127123,0.506775,0.366102
86.jpg,0.0930169,0.42015,0.486833
87.jpg,0.0956781,0.565618,0.338704
88.jpg,0.152739,0.626938,0.220323
89.jpg,0.101033,0.549131,0.349836
90.jpg,0.146196,0.463431,0.390373
91.jpg,0.15442,0.615493,0.230087
92.jpg,0.103542,0.473704,0.422754
93.jpg,0.145331,0.444014,0.410655
94.jpg,0.160551,0.708054,0.131395
95.jpg,0.11677,0.504695,0.378535
96.jpg,0.184889,0.484032,0.331079
97.jpg,0.103295,0.547105,0.3496
98.jpg,0.334171,0.646264,0.0195654
99.jpg,0.0958853,0.478692,0.425423
100.jpg,0.139766,0.549928,0.310305
101.jpg,0.0987937,0.570522,0.330684
102.jpg,0.086407,0.577594,0.335999
103.jpg,0.0857606,0.478334,0.435905
104.jpg,0.112435,0.479713,0.407852
105.jpg,0.0868205,0.542643,0.370537
106.jpg,0.0992596,0.528549,0.372191
107.jpg,0.104641,0.444141,0.451218
108.jpg,0.102534,0.499111,0.398355
109.jpg,0.11998,0.509925,0.370095
110.jpg,0.142928,0.596749,0.260323
111.jpg,0.107311,0.606048,0.286641
112.jpg,0.114653,0.470065,0.415282
113.jpg,0.119916,0.550357,0.329728
114.jpg,0.145261,0.478332,0.376407
115.jpg,0.12198,0.497925,0.380094
116.jpg,0.11088,0.538423,0.350696
117.jpg,0.124757,0.530617,0.344626
118.jpg,0.102601,0.498947,0.398452
119.jpg,0.070633,0.521395,0.407972
120.jpg,0.138075,0.567947,0.293978
121.jpg,0.092334,0.507382,0.400284
122.jpg,0.104423,0.483322,0.412255
123.jpg,0.146714,0.577183,0.276103
124.jpg,0.0993231,0.440813,0.459864
125.jpg,0.122106,0.504744,0.37315
126.jpg,0.171488,0.48358,0.344932
127.jpg,0.135757,0.586117,0.278126
128.jpg,0.212333,0.603733,0.183934
129.jpg,0.0977528,0.387258,0.514989
130.jpg,0.0808044,0.625393,0.293803
131.jpg,0.0874128,0.454813,0.457775
132.jpg,0.111971,0.396807,0.491222
133.jpg,0.114941,0.487378,0.397681
134.jpg,0.13639,0.530612,0.332998
135.jpg,0.0827404,0.561887,0.355372
136.jpg,0.164376,0.525098,0.310525
137.jpg,0.0746709,0.39356,0.531769
138.jpg,0.125937,0.488023,0.38604
139.jpg,0.177687,0.695757,0.126556
140.jpg,0.105726,0.499819,0.394455
141.jpg,0.099134,0.533893,0.366973
142.jpg,0.159325,0.573537,0.267138
143.jpg,0.133363,0.468874,0.397762
144.jpg,0.164392,0.59508,0.240529
145.jpg,0.128337,0.617129,0.254534
146.jpg,0.140905,0.601004,0.258091
147.jpg,0.129321,0.559132,0.311547
148.jpg,0.0844847,0.591323,0.324192
149.jpg,0.074183,0.527364,0.398453
150.jpg,0.18651,0.67632,0.13717
151.jpg,0.0681816,0.452001,0.479818
152.jpg,0.118607,0.46595,0.415443
153.jpg,0.0991671,0.470371,0.430462
154.jpg,0.0857008,0.583187,0.331112
155.jpg,0.0817952,0.501327,0.416878
156.jpg,0.0992232,0.56956,0.331217
157.jpg,0.156785,0.589871,0.253345
158.jpg,0.103066,0.520788,0.376146
159.jpg,0.204774,0.631881,0.163345
160.jpg,0.16171,0.658405,0.179885
161.jpg,0.145911,0.406293,0.447796
162.jpg,0.127157,0.469355,0.403488
163.jpg,0.111467,0.506792,0.381741
164.jpg,0.135992,0.533266,0.330742
165.jpg,0.149443,0.480762,0.369795
166.jpg,0.0477824,0.577469,0.374748
167.jpg,0.158671,0.502988,0.338341
168.jpg,0.122853,0.583248,0.293899
169.jpg,0.127514,0.433769,0.438717
170.jpg,0.129436,0.591039,0.279525
171.jpg,0.0912534,0.407182,0.501564
172.jpg,0.0958018,0.549164,0.355034
173.jpg,0.0971018,0.444938,0.457961
174.jpg,0.0629458,0.389169,0.547885
175.jpg,0.121698,0.378059,0.500242
176.jpg,0.120793,0.47976,0.399447
177.jpg,0.113189,0.456423,0.430388
178.jpg,0.0851465,0.442885,0.471968
179.jpg,0.159417,0.662231,0.178352
180.jpg,0.132895,0.539887,0.327218
181.jpg,0.160946,0.501498,0.337556
182.jpg,0.0765188,0.361447,0.562034
183.jpg,0.121685,0.4988,0.379515
184.jpg,0.123527,0.476916,0.399556
185.jpg,0.135726,0.556751,0.307523
186.jpg,0.137682,0.634598,0.22772
187.jpg,0.0910536,0.464946,0.444
188.jpg,0.10073,0.460286,0.438985
189.jpg,0.11653,0.457076,0.426394
190.jpg,0.0978613,0.372514,0.529625
191.jpg,0.0746036,0.399858,0.525538
192.jpg,0.0804048,0.570772,0.348824
193.jpg,0.151736,0.653107,0.195157
194.jpg,0.118106,0.483879,0.398015
195.jpg,0.128164,0.500589,0.371247
196.jpg,0.103173,0.476106,0.420721
197.jpg,0.111821,0.58944,0.298739
198.jpg,0.0662566,0.444164,0.489579
199.jpg,0.0974575,0.60941,0.293132
200.jpg,0.167926,0.519551,0.312523
201.jpg,0.0943379,0.545543,0.360119
202.jpg,0.0974311,0.520337,0.382232
203.jpg,0.0649368,0.407603,0.52746
204.jpg,0.0827614,0.444986,0.472252
205.jpg,0.125286,0.495673,0.379041
206.jpg,0.102923,0.60318,0.293897
207.jpg,0.0840749,0.472508,0.443417
208.jpg,0.101341,0.411437,0.487222
209.jpg,0.111653,0.475326,0.413021
210.jpg,0.0769344,0.459874,0.463192
211.jpg,0.122935,0.587946,0.28912
212.jpg,0.109479,0.537219,0.353302
213.jpg,0.119256,0.514828,0.365916
214.jpg,0.0936775,0.555473,0.35085
215.jpg,0.163179,0.577234,0.259587
216.jpg,0.141099,0.454847,0.404054
217.jpg,0.144864,0.613149,0.241987
218.jpg,0.141273,0.717706,0.141021
219.jpg,0.102215,0.554207,0.343578
220.jpg,0.131759,0.802206,0.0660349
221.jpg,0.0881062,0.468928,0.442966
222.jpg,0.103985,0.461439,0.434577
223.jpg,0.113633,0.467611,0.418756
224.jpg,0.158441,0.512327,0.329233
225.jpg,0.112669,0.490758,0.396573
226.jpg,0.090075,0.575156,0.334769
227.jpg,0.106984,0.39443,0.498586
228.jpg,0.181675,0.668825,0.1495
229.jpg,0.150566,0.53164,0.317795
230.jpg,0.0868245,0.443385,0.46979
231.jpg,0.172568,0.572179,0.255254
232.jpg,0.0988947,0.518692,0.382413
233.jpg,0.140471,0.511965,0.347564
234.jpg,0.104106,0.444205,0.451688
235.jpg,0.132333,0.510922,0.356744
236.jpg,0.112272,0.525624,0.362104
237.jpg,0.142977,0.567037,0.289986
238.jpg,0.10853,0.500334,0.391136
239.jpg,0.152131,0.746337,0.101532
240.jpg,0.0783202,0.485123,0.436557
241.jpg,0.213737,0.669512,0.116752
242.jpg,0.0844381,0.583216,0.332345
243.jpg,0.139746,0.571778,0.288476
244.jpg,0.128493,0.629575,0.241932
245.jpg,0.143793,0.576706,0.279501
246.jpg,0.111225,0.494392,0.394383
247.jpg,0.0939988,0.582177,0.323824
248.jpg,0.123415,0.443158,0.433427
249.jpg,0.0979688,0.46072,0.441311
250.jpg,0.111794,0.388365,0.499841
251.jpg,0.121756,0.465521,0.412723
252.jpg,0.10405,0.47184,0.42411
253.jpg,0.0918537,0.461196,0.44695
254.jpg,0.114377,0.461329,0.424294
255.jpg,0.130621,0.65181,0.217569
256.jpg,0.0854532,0.514626,0.39992
257.jpg,0.123704,0.559421,0.316875
258.jpg,0.112268,0.512663,0.375069
259.jpg,0.10889,0.45997,0.431141
260.jpg,0.207823,0.617957,0.17422
261.jpg,0.138199,0.763791,0.0980107
262.jpg,0.113186,0.521777,0.365037
263.jpg,0.117228,0.615165,0.267606
264.jpg,0.0973808,0.455909,0.44671
265.jpg,0.119512,0.538094,0.342394
266.jpg,0.165671,0.480427,0.353902
267.jpg,0.143775,0.538945,0.31728
268.jpg,0.146088,0.607489,0.246423
269.jpg,0.166468,0.624664,0.208868
270.jpg,0.0674,0.354907,0.577693
271.jpg,0.0799904,0.472456,0.447553
272.jpg,0.10819,0.571613,0.320196
273.jpg,0.131168,0.516781,0.352052
274.jpg,0.110526,0.459285,0.430189
275.jpg,0.0923296,0.562707,0.344963
276.jpg,0.0909408,0.555963,0.353096
277.jpg,0.100594,0.628302,0.271104
278.jpg,0.110279,0.469164,0.420557
279.jpg,0.193815,0.476363,0.329822
280.jpg,0.112865,0.470025,0.41711
281.jpg,0.180906,0.490831,0.328263
282.jpg,0.111037,0.581925,0.307037
283.jpg,0.115956,0.466365,0.417679
284.jpg,0.130295,0.463189,0.406516
285.jpg,0.169502,0.676114,0.154384
286.jpg,0.129529,0.578899,0.291572
287.jpg,0.102397,0.537833,0.35977
288.jpg,0.064784,0.396443,0.538773
289.jpg,0.111216,0.491135,0.397649
290.jpg,0.122297,0.520404,0.357299
291.jpg,0.135516,0.772744,0.0917404
292.jpg,0.170319,0.383794,0.445887
293.jpg,0.173942,0.578558,0.2475
294.jpg,0.14036,0.629623,0.230017
295.jpg,0.13954,0.563615,0.296845
296.jpg,0.0996724,0.516938,0.383389
297.jpg,0.0936982,0.622205,0.284097
298.jpg,0.0833071,0.478409,0.438284
299.jpg,0.131802,0.557202,0.310996
300.jpg,0.0851855,0.474559,0.440256
301.jpg,0.114643,0.491268,0.394089
302.jpg,0.133101,0.552169,0.31473
303.jpg,0.128989,0.47511,0.3959
304.jpg,0.112337,0.549444,0.338219
305.jpg,0.107835,0.564475,0.327689
306.jpg,0.117898,0.517224,0.364878
307.jpg,0.0925824,0.409385,0.498032
308.jpg,0.229481,0.685868,0.0846516
309.jpg,0.136735,0.484262,0.379003
310.jpg,0.132015,0.493299,0.374686
311.jpg,0.0920925,0.539797,0.368111
312.jpg,0.123215,0.586841,0.289943
313.jpg,0.130373,0.570697,0.298929
314.jpg,0.16575,0.655658,0.178592
315.jpg,0.102023,0.492919,0.405057
316.jpg,0.118051,0.604584,0.277365
317.jpg,0.0963563,0.505973,0.397671
318.jpg,0.129339,0.582855,0.287805
319.jpg,0.0943995,0.425188,0.480412
320.jpg,0.143439,0.577556,0.279005
321.jpg,0.101393,0.587448,0.311159
322.jpg,0.1107,0.501134,0.388166
323.jpg,0.155678,0.613746,0.230576
324.jpg,0.138387,0.650256,0.211357
325.jpg,0.0885187,0.485045,0.426437
326.jpg,0.165341,0.463856,0.370803
327.jpg,0.105947,0.539856,0.354197
328.jpg,0.0716489,0.528953,0.399399
329.jpg,0.0943671,0.409751,0.495882
330.jpg,0.132687,0.63306,0.234253
331.jpg,0.16207,0.59101,0.24692
332.jpg,0.0943716,0.568415,0.337213
333.jpg,0.059673,0.354489,0.585838
334.jpg,0.0953715,0.526103,0.378525
335.jpg,0.0909546,0.458593,0.450453
336.jpg,0.129386,0.528163,0.342451
337.jpg,0.109855,0.484863,0.405282
338.jpg,0.126656,0.566008,0.307336
339.jpg,0.101839,0.402896,0.495265
340.jpg,0.149549,0.638213,0.212237
341.jpg,0.121638,0.37669,0.501671
342.jpg,0.104306,0.461178,0.434517
343.jpg,0.104389,0.400061,0.49555
344.jpg,0.0861408,0.513245,0.400614
345.jpg,0.111174,0.472438,0.416388
346.jpg,0.0844808,0.578145,0.337374
347.jpg,0.1379,0.685619,0.17648
348.jpg,0.115591,0.46932,0.415089
349.jpg,0.112067,0.552905,0.335028
350.jpg,0.120685,0.440609,0.438705
351.jpg,0.115456,0.430977,0.453566
352.jpg,0.113553,0.476469,0.409978
353.jpg,0.104867,0.438686,0.456447
354.jpg,0.106759,0.59796,0.295281
355.jpg,0.154148,0.617422,0.22843
356.jpg,0.130434,0.521055,0.348511
357.jpg,0.0640643,0.547603,0.388333
358.jpg,0.130729,0.73024,0.139031
359.jpg,0.102243,0.470977,0.426779
360.jpg,0.167854,0.682796,0.14935
361.jpg,0.109885,0.559437,0.330678
362.jpg,0.132626,0.44752,0.419854
363.jpg,0.104101,0.36284,0.53306
364.jpg,0.161947,0.569124,0.268929
365.jpg,0.107688,0.441396,0.450916
366.jpg,0.116752,0.497701,0.385547
367.jpg,0.129142,0.505653,0.365205
368.jpg,0.071897,0.513782,0.414321
369.jpg,0.0992629,0.543801,0.356936
370.jpg,0.146041,0.588743,0.265216
371.jpg,0.135281,0.626635,0.238084
372.jpg,0.106914,0.455301,0.437785
373.jpg,0.146895,0.581855,0.27125
374.jpg,0.117225,0.479496,0.40328
375.jpg,0.132223,0.490134,0.377643
376.jpg,0.0761573,0.369877,0.553966
377.jpg,0.0840659,0.449026,0.466908
378.jpg,0.15147,0.563738,0.284792
379.jpg,0.102493,0.495886,0.401621
380.jpg,0.113514,0.445669,0.440817
381.jpg,0.08531,0.482812,0.431878
382.jpg,0.206545,0.698184,0.0952702
383.jpg,0.121869,0.526857,0.351274
384.jpg,0.110295,0.513108,0.376597
385.jpg,0.145667,0.587703,0.26663
386.jpg,0.101026,0.550263,0.348711
387.jpg,0.135465,0.57211,0.292425
388.jpg,0.0816901,0.453651,0.464659
389.jpg,0.12823,0.552521,0.31925
390.jpg,0.13032,0.511803,0.357877
391.jpg,0.0856792,0.381783,0.532538
392.jpg,0.134946,0.402882,0.462172
393.jpg,0.0832865,0.435353,0.481361
394.jpg,0.12469,0.639768,0.235542
395.jpg,0.0873242,0.386111,0.526564
396.jpg,0.159894,0.560128,0.279978
397.jpg,0.124347,0.652441,0.223212
398.jpg,0.144116,0.547051,0.308833
399.jpg,0.111083,0.499004,0.389913
400.jpg,0.101297,0.597241,0.301462
401.jpg,0.0542944,0.347565,0.598141
402.jpg,0.138144,0.57572,0.286136
403.jpg,0.087578,0.430797,0.481625
404.jpg,0.105842,0.583307,0.310851
405.jpg,0.25121,0.642883,0.105907
406.jpg,0.207474,0.618019,0.174507
407.jpg,0.0880067,0.446915,0.465078
408.jpg,0.130612,0.445586,0.423802
409.jpg,0.118331,0.537627,0.344043
410.jpg,0.105949,0.582475,0.311576
411.jpg,0.157802,0.782523,0.0596751
412.jpg,0.134787,0.611998,0.253215
413.jpg,0.109496,0.580888,0.309616
414.jpg,0.125582,0.482354,0.392064
415.jpg,0.106062,0.402261,0.491677
416.jpg,0.108074,0.387709,0.504217
417.jpg,0.094638,0.582796,0.322566
418.jpg,0.114303,0.482253,0.403444
419.jpg,0.091733,0.497943,0.410323
420.jpg,0.110632,0.4563,0.433068
421.jpg,0.0934808,0.616189,0.29033
422.jpg,0.159494,0.493909,0.346597
423.jpg,0.0819918,0.421969,0.496039
424.jpg,0.0763965,0.517884,0.40572
425.jpg,0.106451,0.466381,0.427168
426.jpg,0.0713112,0.346502,0.582187
427.jpg,0.0785163,0.521283,0.4002
428.jpg,0.148035,0.580013,0.271952
429.jpg,0.122361,0.521661,0.355978
430.jpg,0.118224,0.461933,0.419843
431.jpg,0.147099,0.511598,0.341304
432.jpg,0.122011,0.529932,0.348057
433.jpg,0.0986148,0.502922,0.398463
434.jpg,0.183414,0.653126,0.16346
435.jpg,0.130714,0.383109,0.486177
436.jpg,0.0777429,0.402723,0.519534
437.jpg,0.11723,0.598689,0.284081
438.jpg,0.140852,0.613598,0.245551
439.jpg,0.121136,0.523338,0.355526
440.jpg,0.110912,0.473161,0.415927
441.jpg,0.125235,0.544707,0.330059
442.jpg,0.115683,0.492344,0.391973
443.jpg,0.116205,0.499839,0.383956
444.jpg,0.100784,0.577005,0.322211
445.jpg,0.0982154,0.545818,0.355966
446.jpg,0.151356,0.560051,0.288592
447.jpg,0.0843871,0.493306,0.422307
448.jpg,0.129,0.498698,0.372302
449.jpg,0.128074,0.470935,0.400991
450.jpg,0.0603131,0.362679,0.577008
451.jpg,0.0931727,0.522082,0.384745
452.jpg,0.109627,0.469676,0.420697
453.jpg,0.138528,0.600245,0.261227
454.jpg,0.0952785,0.542151,0.362571
455.jpg,0.0858397,0.495738,0.418422
456.jpg,0.222614,0.688535,0.088851
457.jpg,0.13707,0.578074,0.284856
458.jpg,0.158202,0.62509,0.216708
459.jpg,0.152112,0.640762,0.207126
460.jpg,0.1159,0.568572,0.315528
461.jpg,0.074143,0.396247,0.52961
462.jpg,0.105307,0.461239,0.433455
463.jpg,0.0925344,0.378641,0.528824
464.jpg,0.114969,0.6295,0.255531
465.jpg,0.132328,0.561617,0.306056
466.jpg,0.17399,0.733411,0.0925992
467.jpg,0.137822,0.610789,0.251389
468.jpg,0.08602,0.615099,0.298881
469.jpg,0.103527,0.447783,0.44869
470.jpg,0.120454,0.556723,0.322823
471.jpg,0.141775,0.577674,0.280551
472.jpg,0.116922,0.450007,0.433071
473.jpg,0.137163,0.578851,0.283987
474.jpg,0.0746577,0.473534,0.451809
475.jpg,0.0857188,0.515643,0.398638
476.jpg,0.115489,0.504035,0.380475
477.jpg,0.127026,0.518109,0.354865
478.jpg,0.0785832,0.559891,0.361526
479.jpg,0.0966003,0.505254,0.398146
480.jpg,0.177019,0.527596,0.295385
481.jpg,0.0696677,0.347549,0.582783
482.jpg,0.158375,0.542036,0.299589
483.jpg,0.127449,0.627335,0.245216
484.jpg,0.093116,0.523386,0.383498
485.jpg,0.101288,0.534458,0.364254
486.jpg,0.0995844,0.471534,0.428882
487.jpg,0.103064,0.520179,0.376757
488.jpg,0.1228,0.597751,0.279448
489.jpg,0.13162,0.610512,0.257868
490.jpg,0.083848,0.495827,0.420325
491.jpg,0.106912,0.541724,0.351364
492.jpg,0.114877,0.608168,0.276955
493.jpg,0.110946,0.449241,0.439813
494.jpg,0.115953,0.458573,0.425475
495.jpg,0.131256,0.658692,0.210052
496.jpg,0.104684,0.553097,0.342218
497.jpg,0.135481,0.561581,0.302938
498.jpg,0.121506,0.49293,0.385563
499.jpg,0.0724086,0.430525,0.497067
500.jpg,0.121658,0.51869,0.359652
501.jpg,0.154336,0.612391,0.233273
502.jpg,0.0914048,0.39396,0.514635
503.jpg,0.0992166,0.536667,0.364117
504.jpg,0.0730139,0.372279,0.554707
505.jpg,0.192375,0.624022,0.183603
506.jpg,0.166148,0.582152,0.2517
507.jpg,0.105236,0.456374,0.43839
508.jpg,0.0985528,0.507704,0.393743
509.jpg,0.128024,0.455703,0.416273
510.jpg,0.108486,0.481983,0.409531
511.jpg,0.108605,0.483332,0.408063
