image_name,Type_1,Type_2,Type_3
0.jpg,0.103836,0.498757,0.397407
1.jpg,0.107173,0.492995,0.399832
2.jpg,0.105184,0.474747,0.420069
3.jpg,0.090921,0.480199,0.42888
4.jpg,0.105718,0.470039,0.424244
5.jpg,0.111343,0.451563,0.437094
6.jpg,0.0808671,0.494614,0.424519
7.jpg,0.124333,0.49214,0.383527
8.jpg,0.112726,0.445293,0.441981
9.jpg,0.112747,0.45851,0.428743
10.jpg,0.0929566,0.473773,0.43327
11.jpg,0.0824279,0.389775,0.527797
12.jpg,0.0969714,0.477692,0.425337
13.jpg,0.104181,0.472452,0.423367
14.jpg,0.0801431,0.464341,0.455516
15.jpg,0.115969,0.468257,0.415774
16.jpg,0.0936766,0.454663,0.451661
17.jpg,0.0816805,0.5048,0.413519
18.jpg,0.0773307,0.457441,0.465228
19.jpg,0.117749,0.464474,0.417778
20.jpg,0.102147,0.457744,0.440109
21.jpg,0.0985668,0.477816,0.423617
22.jpg,0.0999453,0.480997,0.419058
23.jpg,0.0886526,0.493067,0.41828
24.jpg,0.0895035,0.48553,0.424966
25.jpg,0.0891023,0.470826,0.440072
26.jpg,0.103178,0.445564,0.451257
27.jpg,0.12139,0.451496,0.427114
28.jpg,0.108944,0.473229,0.417827
29.jpg,0.0992302,0.469135,0.431635
30.jpg,0.0867218,0.478712,0.434566
31.jpg,0.084708,0.46286,0.452432
32.jpg,0.0585064,0.429684,0.51181
33.jpg,0.102068,0.449216,0.448716
34.jpg,0.0791871,0.461255,0.459558
35.jpg,0.109729,0.44077,0.449501
36.jpg,0.0960156,0.469393,0.434591
37.jpg,0.0935593,0.429533,0.476908
38.jpg,0.0927812,0.48292,0.424298
39.jpg,0.109541,0.469892,0.420567
40.jpg,0.131748,0.454933,0.413319
41.jpg,0.121046,0.478271,0.400684
42.jpg,0.124607,0.472355,0.403038
43.jpg,0.110969,0.453029,0.436002
44.jpg,0.07849,0.490309,0.431201
45.jpg,0.118872,0.434807,0.446321
46.jpg,0.0847945,0.480763,0.434443
47.jpg,0.108409,0.497011,0.39458
48.jpg,0.100144,0.490136,0.40972
49.jpg,0.102526,0.480439,0.417034
50.jpg,0.10642,0.478103,0.415476
51.jpg,0.0787556,0.448814,0.47243
52.jpg,0.0958929,0.467805,0.436302
53.jpg,0.102519,0.474714,0.422768
54.jpg,0.0806229,0.456024,0.463353
55.jpg,0.0910664,0.504403,0.404531
56.jpg,0.112693,0.456898,0.430409
57.jpg,0.124962,0.446961,0.428077
58.jpg,0.0737879,0.462805,0.463407
59.jpg,0.0848425,0.440804,0.474353
60.jpg,0.0796419,0.485594,0.434764
61.jpg,0.108196,0.446449,0.445355
62.jpg,0.0521358,0.402257,0.545608
63.jpg,0.110496,0.450501,0.439003
64.jpg,0.0829475,0.443023,0.474029
65.jpg,0.00439812,0.111388,0.884214
66.jpg,0.101684,0.419651,0.478665
67.jpg,0.102757,0.474104,0.423139
68.jpg,0.113802,0.467263,0.418935
69.jpg,0.116594,0.504581,0.378825
70.jpg,0.0897639,0.478546,0.43169
71.jpg,0.0966715,0.454936,0.448392
72.jpg,0.101369,0.475924,0.422707
73.jpg,0.086843,0.49541,0.417747
74.jpg,0.105088,0.484848,0.410065
75.jpg,0.115112,0.500814,0.384073
76.jpg,0.102871,0.482211,0.414918
77.jpg,0.0867504,0.49248,0.42077
78.jpg,0.0887026,0.460468,0.45083
79.jpg,0.0799102,0.479177,0.440913
80.jpg,0.118538,0.456423,0.425038
81.jpg,0.0707223,0.447827,0.48145
82.jpg,0.109303,0.483776,0.406921
83.jpg,0.0938272,0.49327,0.412903
84.jpg,0.0886128,0.472033,0.439355
85.jpg,0.0878011,0.46705,0.445149
86.jpg,0.0885068,0.478703,0.43279
87.jpg,0.100232,0.511094,0.388674
88.jpg,0.0986621,0.461038,0.440299
89.jpg,0.102248,0.508942,0.388811
90.jpg,0.131777,0.472842,0.395381
91.jpg,0.101891,0.46842,0.429689
92.jpg,0.0964465,0.45097,0.452583
93.jpg,0.10551,0.446033,0.448457
94.jpg,0.123118,0.456856,0.420026
95.jpg,0.100087,0.466416,0.433497
96.jpg,0.103897,0.461394,0.43471
97.jpg,0.0995542,0.496176,0.40427
98.jpg,1.01414e-17,5.54489e-08,1.0
99.jpg,0.123703,0.467282,0.409016
100.jpg,0.100328,0.492378,0.407294
101.jpg,0.0870471,0.473216,0.439737
102.jpg,0.0540417,0.489328,0.456631
103.jpg,0.0754139,0.49305,0.431536
104.jpg,0.109856,0.472934,0.41721
105.jpg,0.0976127,0.497385,0.405002
106.jpg,0.113284,0.471829,0.414887
107.jpg,0.12346,0.450594,0.425946
108.jpg,0.106628,0.489342,0.404029
109.jpg,0.0997373,0.450664,0.449599
110.jpg,0.0978408,0.472888,0.429271
111.jpg,0.0903663,0.48719,0.422444
112.jpg,0.109992,0.467146,0.422862
113.jpg,0.103088,0.465861,0.43105
114.jpg,0.130211,0.413081,0.456708
115.jpg,0.117748,0.509721,0.372531
116.jpg,0.0765598,0.480461,0.442979
117.jpg,0.0930327,0.451116,0.455852
118.jpg,0.0943139,0.48075,0.424936
119.jpg,0.0535643,0.426869,0.519566
120.jpg,0.116425,0.44497,0.438604
121.jpg,0.0841738,0.474226,0.441601
122.jpg,0.087008,0.469652,0.443341
123.jpg,0.103868,0.499238,0.396894
124.jpg,0.101255,0.481138,0.417607
125.jpg,0.112986,0.455312,0.431703
126.jpg,0.116324,0.472226,0.41145
127.jpg,0.099463,0.445124,0.455414
128.jpg,0.121747,0.501763,0.37649
129.jpg,0.105045,0.458767,0.436188
130.jpg,0.0847798,0.499396,0.415825
131.jpg,0.0939244,0.440301,0.465775
132.jpg,0.109892,0.448862,0.441246
133.jpg,0.0876621,0.468797,0.443541
134.jpg,0.108675,0.465652,0.425673
135.jpg,0.0730325,0.484667,0.442301
136.jpg,0.110092,0.474462,0.415446
137.jpg,0.0720641,0.466183,0.461753
138.jpg,0.105226,0.44283,0.451944
139.jpg,0.0950874,0.466974,0.437938
140.jpg,0.0940184,0.483158,0.422823
141.jpg,0.0741914,0.490367,0.435442
142.jpg,0.101796,0.468771,0.429433
143.jpg,0.0981426,0.466943,0.434914
144.jpg,0.10005,0.478926,0.421023
145.jpg,0.0770704,0.469942,0.452988
146.jpg,0.0775434,0.469166,0.453291
147.jpg,0.101351,0.472507,0.426141
148.jpg,0.0721285,0.510127,0.417744
149.jpg,0.0752429,0.472245,0.452512
150.jpg,0.102332,0.495721,0.401947
151.jpg,0.0873252,0.484339,0.428336
152.jpg,0.10059,0.4752,0.42421
153.jpg,0.0909318,0.469008,0.44006
154.jpg,0.0904604,0.492289,0.417251
155.jpg,0.0844981,0.458341,0.457161
156.jpg,0.0965444,0.465975,0.437481
157.jpg,0.0994115,0.476612,0.423977
158.jpg,0.106382,0.48092,0.412698
159.jpg,0.109832,0.4267,0.463468
160.jpg,0.0958353,0.461006,0.443158
161.jpg,0.109113,0.461546,0.429341
162.jpg,0.118241,0.441958,0.439801
163.jpg,0.118789,0.471151,0.41006
164.jpg,0.117182,0.418006,0.464812
165.jpg,0.101578,0.450436,0.447985
166.jpg,0.0404002,0.437725,0.521874
167.jpg,0.100883,0.471919,0.427199
168.jpg,0.0742207,0.471248,0.454531
169.jpg,0.124744,0.450116,0.42514
170.jpg,0.105306,0.453914,0.440781
171.jpg,0.0818653,0.443924,0.474211
172.jpg,0.099198,0.469099,0.431703
173.jpg,0.103099,0.470845,0.426056
174.jpg,0.070596,0.44517,0.484234
175.jpg,0.160302,0.408378,0.43132
176.jpg,0.114394,0.474992,0.410614
177.jpg,0.114277,0.449581,0.436142
178.jpg,0.0793911,0.446527,0.474082
179.jpg,0.0997282,0.440942,0.45933
180.jpg,0.114796,0.460109,0.425095
181.jpg,0.114415,0.473447,0.412137
182.jpg,0.105659,0.471301,0.42304
183.jpg,0.0992235,0.445334,0.455443
184.jpg,0.100796,0.46914,0.430063
185.jpg,0.108044,0.464857,0.427099
186.jpg,0.107023,0.458112,0.434865
187.jpg,0.0837193,0.483011,0.43327
188.jpg,0.0940371,0.46109,0.444872
189.jpg,0.100659,0.337748,0.561593
190.jpg,0.11125,0.46663,0.42212
191.jpg,0.0635603,0.451293,0.485146
192.jpg,0.0790636,0.506404,0.414533
193.jpg,0.0926035,0.46228,0.445116
194.jpg,0.109349,0.476383,0.414268
195.jpg,0.114727,0.453915,0.431358
196.jpg,0.0897869,0.44017,0.470043
197.jpg,0.0880977,0.514316,0.397586
198.jpg,0.0783835,0.468998,0.452619
199.jpg,0.0793117,0.485361,0.435328
200.jpg,0.126961,0.477249,0.39579
201.jpg,0.102714,0.474454,0.422832
202.jpg,0.105661,0.479944,0.414395
203.jpg,0.0788494,0.455643,0.465507
204.jpg,0.095938,0.477612,0.42645
205.jpg,0.111198,0.437873,0.450929
206.jpg,0.0881298,0.509755,0.402115
207.jpg,0.0964638,0.496287,0.407249
208.jpg,0.096475,0.465901,0.437625
209.jpg,0.118688,0.444038,0.437274
210.jpg,0.086373,0.483328,0.4303
211.jpg,0.0843651,0.458332,0.457303
212.jpg,0.0979305,0.458486,0.443584
213.jpg,0.111149,0.491323,0.397528
214.jpg,0.0924727,0.496161,0.411366
215.jpg,0.111264,0.468343,0.420393
216.jpg,0.0956714,0.455422,0.448907
217.jpg,0.0917388,0.470117,0.438144
218.jpg,0.120479,0.468185,0.411336
219.jpg,0.0920685,0.46302,0.444911
220.jpg,0.125386,0.46078,0.413835
221.jpg,0.0957043,0.485224,0.419072
222.jpg,0.104708,0.473293,0.422
223.jpg,0.128388,0.434154,0.437458
224.jpg,0.101444,0.494044,0.404512
225.jpg,0.111673,0.483842,0.404485
226.jpg,0.0939161,0.499327,0.406756
227.jpg,0.141363,0.428446,0.43019
228.jpg,0.112086,0.450532,0.437383
229.jpg,0.11987,0.430565,0.449565
230.jpg,0.0766463,0.4872,0.436154
231.jpg,1.23203e-05,0.0370509,0.962937
232.jpg,0.0729826,0.444885,0.482132
233.jpg,0.103526,0.447272,0.449201
234.jpg,0.103562,0.456169,0.440269
235.jpg,0.095099,0.476405,0.428496
236.jpg,0.0961889,0.510697,0.393114
237.jpg,0.0975449,0.49524,0.407215
238.jpg,0.115545,0.484632,0.399823
239.jpg,0.104023,0.453484,0.442493
240.jpg,0.115617,0.467596,0.416787
241.jpg,0.108171,0.469556,0.422273
242.jpg,0.0797312,0.480215,0.440054
243.jpg,0.090468,0.467502,0.44203
244.jpg,0.101336,0.479832,0.418832
245.jpg,0.0990407,0.469324,0.431635
246.jpg,0.118823,0.446732,0.434445
247.jpg,0.0631287,0.438775,0.498097
248.jpg,0.110629,0.461026,0.428345
249.jpg,0.142529,0.449062,0.40841
250.jpg,0.11953,0.434009,0.44646
251.jpg,0.125222,0.470459,0.404319
252.jpg,0.112633,0.441722,0.445644
253.jpg,0.0387263,0.409391,0.551882
254.jpg,0.123188,0.459331,0.41748
255.jpg,0.113289,0.452709,0.434002
256.jpg,0.106271,0.483864,0.409865
257.jpg,0.0941469,0.467464,0.438389
258.jpg,0.10625,0.471544,0.422205
259.jpg,0.0906381,0.471629,0.437732
260.jpg,0.128104,0.464716,0.40718
261.jpg,0.102286,0.452039,0.445674
262.jpg,0.0889435,0.44224,0.468817
263.jpg,0.0850932,0.499963,0.414944
264.jpg,0.108411,0.457018,0.434572
265.jpg,0.0995861,0.465351,0.435063
266.jpg,0.105421,0.459109,0.43547
267.jpg,0.0959003,0.465881,0.438219
268.jpg,0.0925716,0.460299,0.44713
269.jpg,0.0986958,0.467557,0.433747
270.jpg,0.0922273,0.454226,0.453547
271.jpg,0.0663477,0.398034,0.535618
272.jpg,0.0980073,0.47888,0.423113
273.jpg,0.114847,0.474639,0.410514
274.jpg,0.0973058,0.48467,0.418024
275.jpg,0.108619,0.504103,0.387278
276.jpg,0.0880556,0.505998,0.405946
277.jpg,0.0750278,0.499038,0.425934
278.jpg,0.119935,0.458116,0.42195
279.jpg,0.144556,0.466715,0.388729
280.jpg,0.112302,0.427442,0.460256
281.jpg,0.118135,0.480597,0.401267
282.jpg,0.0894282,0.477675,0.432896
283.jpg,0.109271,0.437869,0.45286
284.jpg,0.124339,0.42478,0.450881
285.jpg,0.104012,0.458695,0.437293
286.jpg,0.103458,0.476292,0.42025
287.jpg,0.0909646,0.475713,0.433322
288.jpg,0.0780485,0.473635,0.448317
289.jpg,0.103375,0.46951,0.427115
290.jpg,0.100831,0.460504,0.438665
291.jpg,0.098564,0.450039,0.451397
292.jpg,4.44371e-24,9.22168e-15,1.0
293.jpg,0.101844,0.491225,0.40693
294.jpg,0.0675992,0.450615,0.481786
295.jpg,0.109073,0.459135,0.431792
296.jpg,0.0863771,0.482023,0.431599
297.jpg,0.0793477,0.510655,0.409998
298.jpg,0.0807158,0.446132,0.473152
299.jpg,0.100259,0.494809,0.404933
300.jpg,2.44089e-14,8.4298e-06,0.999992
301.jpg,0.113072,0.472622,0.414306
302.jpg,0.114995,0.42007,0.464935
303.jpg,0.0805869,0.426391,0.493022
304.jpg,0.0849283,0.450747,0.464324
305.jpg,0.0934892,0.47771,0.4288
306.jpg,0.0978578,0.47261,0.429532
307.jpg,0.115955,0.486349,0.397696
308.jpg,0.10642,0.463139,0.430442
309.jpg,0.127432,0.473653,0.398915
310.jpg,0.117625,0.438615,0.443761
311.jpg,0.090556,0.491616,0.417828
312.jpg,0.113427,0.460982,0.425591
313.jpg,0.0911307,0.501927,0.406942
314.jpg,0.105744,0.459178,0.435078
315.jpg,0.0787367,0.448671,0.472592
316.jpg,0.0944192,0.442649,0.462931
317.jpg,0.110054,0.460137,0.429809
318.jpg,0.112911,0.477013,0.410076
319.jpg,0.106102,0.469548,0.42435
320.jpg,0.095985,0.477001,0.427014
321.jpg,0.0888068,0.484934,0.42626
322.jpg,0.10351,0.464961,0.43153
323.jpg,0.111756,0.47287,0.415373
324.jpg,0.104058,0.436914,0.459028
325.jpg,0.0989289,0.441565,0.459506
326.jpg,0.113047,0.476646,0.410307
327.jpg,0.0905308,0.470905,0.438564
328.jpg,0.101212,0.502016,0.396772
329.jpg,0.0870396,0.458539,0.454422
330.jpg,0.127745,0.469565,0.40269
331.jpg,0.0919564,0.456281,0.451762
332.jpg,0.0848619,0.470767,0.444371
333.jpg,0.0781217,0.463272,0.458606
334.jpg,0.10246,0.467177,0.430363
335.jpg,0.081545,0.467682,0.450773
336.jpg,0.0975241,0.456903,0.445573
337.jpg,0.110012,0.458671,0.431317
338.jpg,0.109617,0.477306,0.413077
339.jpg,0.106387,0.461483,0.432131
340.jpg,0.088223,0.44133,0.470446
341.jpg,0.11206,0.38812,0.49982
342.jpg,0.0926146,0.39199,0.515396
343.jpg,0.0985314,0.491711,0.409758
344.jpg,0.0988944,0.487346,0.413759
345.jpg,0.106701,0.492729,0.40057
346.jpg,0.0808502,0.513674,0.405476
347.jpg,0.0931454,0.455026,0.451829
348.jpg,0.110941,0.458485,0.430575
349.jpg,0.11005,0.494313,0.395637
350.jpg,0.10319,0.467972,0.428838
351.jpg,0.116203,0.361849,0.521948
352.jpg,0.0971358,0.470615,0.432249
353.jpg,0.100918,0.480399,0.418683
354.jpg,0.0996668,0.443798,0.456535
355.jpg,0.0829291,0.409719,0.507351
356.jpg,0.0945266,0.448378,0.457095
357.jpg,0.0796871,0.486587,0.433726
358.jpg,0.105889,0.436731,0.45738
359.jpg,0.0949198,0.480462,0.424619
360.jpg,0.119523,0.467716,0.412761
361.jpg,0.0938298,0.493993,0.412178
362.jpg,0.0893767,0.440162,0.470461
363.jpg,0.114692,0.471543,0.413765
364.jpg,0.0917622,0.47151,0.436728
365.jpg,0.119492,0.476328,0.40418
366.jpg,0.103659,0.452926,0.443415
367.jpg,0.102271,0.45546,0.442268
368.jpg,0.0866664,0.479735,0.433598
369.jpg,0.093488,0.469427,0.437085
370.jpg,0.106082,0.451864,0.442055
371.jpg,0.097744,0.466729,0.435527
372.jpg,0.111875,0.44207,0.446055
373.jpg,0.094415,0.464559,0.441026
374.jpg,0.0937369,0.503477,0.402786
375.jpg,0.103145,0.460391,0.436464
376.jpg,0.110626,0.464258,0.425116
377.jpg,0.101726,0.468806,0.429468
378.jpg,0.134534,0.445521,0.419945
379.jpg,0.091329,0.459796,0.448875
380.jpg,0.0966232,0.443475,0.459901
381.jpg,0.0876177,0.466972,0.44541
382.jpg,0.123991,0.436479,0.439529
383.jpg,0.0796533,0.46363,0.456717
384.jpg,0.0932254,0.465382,0.441392
385.jpg,0.106239,0.489685,0.404076
386.jpg,0.110211,0.483276,0.406513
387.jpg,0.115933,0.462373,0.421694
388.jpg,0.0861357,0.477595,0.436269
389.jpg,0.104335,0.449754,0.445911
390.jpg,0.0940085,0.472045,0.433946
391.jpg,0.110325,0.461948,0.427728
392.jpg,0.120404,0.482166,0.39743
393.jpg,0.100679,0.492956,0.406365
394.jpg,0.0922329,0.496104,0.411663
395.jpg,0.132087,0.430312,0.437601
396.jpg,0.0976624,0.46152,0.440818
397.jpg,0.111288,0.48648,0.402231
398.jpg,0.120025,0.437437,0.442538
399.jpg,0.111023,0.475482,0.413494
400.jpg,0.102346,0.468715,0.428939
401.jpg,0.0661866,0.42718,0.506633
402.jpg,0.106782,0.464126,0.429092
403.jpg,0.101116,0.463578,0.435307
404.jpg,0.0945864,0.472075,0.433338
405.jpg,0.113289,0.481074,0.405638
406.jpg,0.109606,0.446458,0.443936
407.jpg,0.0961343,0.459327,0.444538
408.jpg,0.0898504,0.31759,0.59256
409.jpg,0.0967144,0.489288,0.413997
410.jpg,0.0904855,0.494989,0.414525
411.jpg,0.121889,0.465153,0.412958
412.jpg,0.0786846,0.467015,0.454301
413.jpg,0.0887098,0.508246,0.403044
414.jpg,0.116044,0.4543,0.429656
415.jpg,0.109898,0.441081,0.449021
416.jpg,0.108388,0.4423,0.449312
417.jpg,0.079391,0.478704,0.441905
418.jpg,0.108924,0.475303,0.415773
419.jpg,0.0918285,0.466203,0.441969
420.jpg,0.0797441,0.47183,0.448426
421.jpg,0.0852512,0.483459,0.43129
422.jpg,0.111559,0.439405,0.449035
423.jpg,0.13387,0.459429,0.406702
424.jpg,0.083174,0.486081,0.430745
425.jpg,0.108374,0.469215,0.422411
426.jpg,0.0894916,0.461497,0.449011
427.jpg,0.0888587,0.46897,0.442171
428.jpg,0.0969635,0.466451,0.436586
429.jpg,0.0968618,0.466731,0.436407
430.jpg,0.0916363,0.464868,0.443496
431.jpg,0.0848326,0.458519,0.456648
432.jpg,0.100655,0.470949,0.428396
433.jpg,0.0907754,0.484242,0.424982
434.jpg,0.102008,0.453732,0.44426
435.jpg,0.128084,0.29127,0.580646
436.jpg,0.0744025,0.465463,0.460134
437.jpg,0.0786294,0.489091,0.432279
438.jpg,0.117673,0.44113,0.441198
439.jpg,0.104799,0.46715,0.428051
440.jpg,0.121081,0.471687,0.407232
441.jpg,0.107745,0.460218,0.432037
442.jpg,0.112353,0.439533,0.448114
443.jpg,0.116386,0.466414,0.4172
444.jpg,0.0895849,0.506974,0.403441
445.jpg,0.0932387,0.474471,0.432291
446.jpg,0.133184,0.431602,0.435214
447.jpg,0.080733,0.464159,0.455108
448.jpg,0.112819,0.4533,0.43388
449.jpg,0.112402,0.465362,0.422237
450.jpg,0.0739147,0.461234,0.464852
451.jpg,0.117735,0.497801,0.384464
452.jpg,0.0780606,0.460508,0.461431
453.jpg,0.100875,0.472148,0.426976
454.jpg,0.0715159,0.49487,0.433614
455.jpg,0.117468,0.478551,0.403981
456.jpg,0.107633,0.464432,0.427935
457.jpg,0.0780703,0.455163,0.466766
458.jpg,0.0956205,0.466704,0.437676
459.jpg,0.0934363,0.471615,0.434949
460.jpg,0.0853037,0.462272,0.452425
461.jpg,0.0840687,0.485787,0.430145
462.jpg,0.0934727,0.463748,0.44278
463.jpg,0.0750988,0.376478,0.548424
464.jpg,0.0858015,0.459709,0.454489
465.jpg,0.121075,0.456417,0.422508
466.jpg,0.115238,0.472861,0.411902
467.jpg,0.0913942,0.462583,0.446023
468.jpg,0.0733663,0.489375,0.437258
469.jpg,0.0987107,0.448446,0.452843
470.jpg,0.0824654,0.457278,0.460257
471.jpg,0.0952146,0.461442,0.443343
472.jpg,0.11905,0.444098,0.436852
473.jpg,0.110372,0.456329,0.433299
474.jpg,0.105874,0.489743,0.404384
475.jpg,0.0939769,0.491893,0.41413
476.jpg,0.078452,0.459098,0.46245
477.jpg,0.0957498,0.470479,0.433771
478.jpg,0.0937544,0.487152,0.419094
479.jpg,0.114917,0.44671,0.438373
480.jpg,0.136613,0.473731,0.389656
481.jpg,0.0787424,0.458133,0.463124
482.jpg,0.102013,0.477904,0.420083
483.jpg,0.0907988,0.472951,0.43625
484.jpg,0.0737844,0.46354,0.462676
485.jpg,0.10094,0.494982,0.404078
486.jpg,0.0694903,0.456578,0.473931
487.jpg,0.0961681,0.484078,0.419754
488.jpg,0.0931152,0.503996,0.402889
489.jpg,0.0941584,0.478864,0.426978
490.jpg,0.0900273,0.47146,0.438512
491.jpg,0.0922358,0.496623,0.411142
492.jpg,0.0863698,0.501419,0.412211
493.jpg,0.111463,0.452385,0.436152
494.jpg,0.105907,0.476821,0.417272
495.jpg,0.121625,0.46055,0.417825
496.jpg,0.0970882,0.492752,0.41016
497.jpg,0.109528,0.447734,0.442738
498.jpg,0.0990128,0.478476,0.422511
499.jpg,0.0805219,0.481254,0.438224
500.jpg,0.109541,0.457155,0.433304
501.jpg,0.0978066,0.478653,0.423541
502.jpg,0.114969,0.463152,0.421879
503.jpg,0.0995501,0.48535,0.415099
504.jpg,0.085676,0.459375,0.454949
505.jpg,0.101612,0.454871,0.443518
506.jpg,0.09874,0.456215,0.445045
507.jpg,0.105001,0.495898,0.3991
508.jpg,0.106712,0.490151,0.403137
509.jpg,0.111285,0.476628,0.412087
510.jpg,0.109596,0.455598,0.434806
511.jpg,0.106584,0.481176,0.41224
