image_name,Type_1,Type_2,Type_3
0.jpg,0.0229965,0.279849,0.697154
1.jpg,0.0111136,0.184021,0.804866
2.jpg,0.00525862,0.106515,0.888226
3.jpg,0.00992184,0.0644114,0.925667
4.jpg,0.026485,0.169885,0.80363
5.jpg,0.00433178,0.271448,0.724221
6.jpg,0.00263038,0.677733,0.319637
7.jpg,0.0127028,0.291801,0.695497
8.jpg,0.000736509,0.979648,0.0196156
9.jpg,0.0230376,0.33949,0.637473
10.jpg,0.00855082,0.979001,0.0124484
11.jpg,0.00839147,0.540001,0.451607
12.jpg,0.009773,0.230301,0.759925
13.jpg,0.0104535,0.0709991,0.918547
14.jpg,0.00482538,0.533938,0.461237
15.jpg,0.00770455,0.0912819,0.901014
16.jpg,1.49139e-05,0.0187974,0.981188
17.jpg,0.000637346,0.37492,0.624442
18.jpg,0.00185823,0.55393,0.444212
19.jpg,0.0313433,0.228944,0.739713
20.jpg,0.0197847,0.103565,0.87665
21.jpg,0.00204853,0.961643,0.0363084
22.jpg,0.000210872,0.828286,0.171503
23.jpg,0.0136569,0.391889,0.594454
24.jpg,0.00628863,0.467656,0.526055
25.jpg,0.00498242,0.322136,0.672881
26.jpg,0.0296131,0.259385,0.711002
27.jpg,0.0358436,0.277847,0.68631
28.jpg,0.0253924,0.315562,0.659046
29.jpg,0.0564738,0.22503,0.718497
30.jpg,0.0418514,0.233445,0.724703
31.jpg,0.0246418,0.811342,0.164016
32.jpg,0.00503307,0.756816,0.238151
33.jpg,0.0695073,0.372798,0.557695
34.jpg,0.000427955,0.285178,0.714394
35.jpg,0.0113043,0.174667,0.814028
36.jpg,0.000586848,0.924709,0.0747045
37.jpg,0.0483476,0.305426,0.646227
38.jpg,0.00235247,0.230221,0.767426
39.jpg,0.0637219,0.394853,0.541425
40.jpg,0.0289993,0.308608,0.662393
41.jpg,0.00828373,0.147591,0.844126
42.jpg,0.0073044,0.820012,0.172684
43.jpg,0.0671025,0.454904,0.477994
44.jpg,0.0225102,0.278191,0.699299
45.jpg,0.0246091,0.141155,0.834236
46.jpg,0.00105328,0.0396228,0.959324
47.jpg,0.0132689,0.124611,0.86212
48.jpg,0.0449546,0.190972,0.764073
49.jpg,0.0410723,0.462631,0.496297
50.jpg,0.000513229,0.344838,0.654649
51.jpg,0.0251266,0.366303,0.60857
52.jpg,0.0162671,0.233055,0.750678
53.jpg,0.011131,0.214567,0.774302
54.jpg,0.00544508,0.577918,0.416637
55.jpg,0.00892859,0.406642,0.584429
56.jpg,0.0133897,0.118541,0.868069
57.jpg,0.00604085,0.723154,0.270805
58.jpg,0.000422231,0.081511,0.918067
59.jpg,0.0509882,0.640273,0.308739
60.jpg,0.00795506,0.424821,0.567224
61.jpg,0.0260646,0.376869,0.597066
62.jpg,0.0118773,0.864223,0.123899
63.jpg,0.027378,0.330751,0.641871
64.jpg,0.00657428,0.163333,0.830093
65.jpg,0.00247702,0.913628,0.0838953
66.jpg,0.0280496,0.425928,0.546023
67.jpg,0.0154276,0.367188,0.617384
68.jpg,0.00533182,0.361891,0.632777
69.jpg,0.00504912,0.398626,0.596325
70.jpg,0.0124314,0.644026,0.343543
71.jpg,0.042351,0.574479,0.38317
72.jpg,0.000290187,0.922588,0.0771213
73.jpg,0.0229991,0.378831,0.59817
74.jpg,0.00244528,0.0332154,0.964339
75.jpg,0.000599196,0.99341,0.0059908
76.jpg,0.0060499,0.700214,0.293736
77.jpg,0.00379219,0.269199,0.727009
78.jpg,0.000398309,0.136577,0.863024
79.jpg,0.0479436,0.423499,0.528557
80.jpg,0.0179825,0.329054,0.652964
81.jpg,0.0221688,0.0417174,0.936114
82.jpg,0.00121356,0.535385,0.463401
83.jpg,0.0238586,0.342756,0.633385
84.jpg,0.0163756,0.351334,0.632291
85.jpg,0.00361247,0.80676,0.189627
86.jpg,0.00787886,0.0636587,0.928462
87.jpg,0.0522775,0.329824,0.617899
88.jpg,0.00483029,0.303242,0.691927
89.jpg,0.00748752,0.0792218,0.913291
90.jpg,0.0224598,0.823867,0.153674
91.jpg,0.00483667,0.258923,0.73624
92.jpg,0.0262539,0.129697,0.844049
93.jpg,0.0317785,0.921462,0.0467592
94.jpg,0.00279086,0.576375,0.420835
95.jpg,0.0226281,0.313992,0.66338
96.jpg,0.256651,0.530682,0.212667
97.jpg,0.0402948,0.487025,0.472681
98.jpg,0.00034427,0.99933,0.000325832
99.jpg,0.00212815,0.0943773,0.903495
100.jpg,0.0112593,0.838645,0.150096
101.jpg,0.00328491,0.206532,0.790184
102.jpg,0.00596196,0.655529,0.338509
103.jpg,0.000634382,0.797945,0.20142
104.jpg,0.033081,0.124346,0.842573
105.jpg,0.00153562,0.530418,0.468047
106.jpg,0.0123015,0.199008,0.78869
107.jpg,0.0325793,0.172649,0.794772
108.jpg,0.0121822,0.254003,0.733815
109.jpg,0.0748197,0.330487,0.594693
110.jpg,0.000927574,0.769283,0.229789
111.jpg,0.00445118,0.202174,0.793375
112.jpg,0.0333427,0.331606,0.635051
113.jpg,0.0105825,0.15052,0.838898
114.jpg,0.0672415,0.446873,0.485886
115.jpg,0.00684302,0.521544,0.471613
116.jpg,0.0151084,0.664189,0.320703
117.jpg,0.0437266,0.320161,0.636113
118.jpg,0.00753871,0.17277,0.819691
119.jpg,0.0203898,0.192551,0.787059
120.jpg,0.00811493,0.387056,0.604829
121.jpg,0.0414745,0.125058,0.833468
122.jpg,0.0406399,0.15047,0.80889
123.jpg,0.00948137,0.42558,0.564938
124.jpg,0.00850212,0.343785,0.647713
125.jpg,0.00412368,0.0423826,0.953494
126.jpg,0.00502184,0.804718,0.19026
127.jpg,0.0227484,0.621534,0.355717
128.jpg,0.000221925,0.996666,0.00311257
129.jpg,0.004956,0.492934,0.50211
130.jpg,0.000394181,0.611288,0.388318
131.jpg,0.00980149,0.107589,0.88261
132.jpg,0.00788004,0.356289,0.635831
133.jpg,0.0287215,0.155796,0.815482
134.jpg,0.00572457,0.129353,0.864922
135.jpg,0.000608451,0.927478,0.071913
136.jpg,0.00170404,0.935143,0.0631531
137.jpg,0.0957659,0.774492,0.129743
138.jpg,0.0637658,0.398602,0.537633
139.jpg,0.00550469,0.430762,0.563733
140.jpg,0.000341988,0.332911,0.666747
141.jpg,0.0490055,0.244549,0.706445
142.jpg,0.00513784,0.547389,0.447473
143.jpg,0.0102161,0.649257,0.340527
144.jpg,0.00311074,0.717892,0.278998
145.jpg,0.208338,0.237045,0.554618
146.jpg,0.00188684,0.712884,0.28523
147.jpg,0.00820737,0.240879,0.750914
148.jpg,0.00330735,0.4701,0.526593
149.jpg,0.0163746,0.605654,0.377971
150.jpg,0.00050784,0.953538,0.0459541
151.jpg,3.96618e-05,0.0206753,0.979285
152.jpg,0.00863792,0.286715,0.704648
153.jpg,0.000821614,0.151944,0.847234
154.jpg,0.000216958,0.762784,0.236999
155.jpg,0.00501331,0.248597,0.746389
156.jpg,0.0533546,0.39826,0.548386
157.jpg,0.00646285,0.22109,0.772447
158.jpg,0.00443036,0.134261,0.861309
159.jpg,0.0187423,0.495134,0.486124
160.jpg,0.0283958,0.184719,0.786885
161.jpg,0.00430819,0.881653,0.114039
162.jpg,0.000697237,0.851393,0.14791
163.jpg,0.00377748,0.128437,0.867785
164.jpg,0.0141301,0.318947,0.666923
165.jpg,0.00294696,0.757028,0.240025
166.jpg,0.0117809,0.17987,0.808349
167.jpg,0.00913305,0.1216,0.869267
168.jpg,0.00189247,0.264292,0.733815
169.jpg,0.0228455,0.375207,0.601948
170.jpg,0.0525024,0.535261,0.412237
171.jpg,0.0120288,0.210612,0.777359
172.jpg,0.00752883,0.182629,0.809842
173.jpg,0.00256148,0.0845118,0.912927
174.jpg,0.000611278,0.669461,0.329927
175.jpg,0.0543473,0.366583,0.57907
176.jpg,0.00138896,0.240864,0.757747
177.jpg,0.0993734,0.368773,0.531854
178.jpg,0.00248557,0.738919,0.258595
179.jpg,0.00243432,0.915663,0.0819029
180.jpg,0.0900446,0.265031,0.644925
181.jpg,0.00941233,0.276093,0.714495
182.jpg,0.00236521,0.610681,0.386954
183.jpg,0.00896491,0.173366,0.817669
184.jpg,0.00316685,0.959794,0.0370396
185.jpg,0.0118062,0.401074,0.587119
186.jpg,0.0065474,0.234093,0.75936
187.jpg,0.000465598,0.0848196,0.914715
188.jpg,0.0428834,0.179803,0.777314
189.jpg,0.0145139,0.303223,0.682263
190.jpg,0.01882,0.235995,0.745185
191.jpg,0.0735713,0.455283,0.471145
192.jpg,0.00597859,0.756195,0.237827
193.jpg,0.0066142,0.549266,0.44412
194.jpg,0.000903869,0.22671,0.772386
195.jpg,0.041739,0.51563,0.442631
196.jpg,0.00139067,0.0991389,0.89947
197.jpg,0.00516998,0.745324,0.249506
198.jpg,0.000325119,0.0774934,0.922182
199.jpg,0.00561575,0.923994,0.0703901
200.jpg,0.0245397,0.229576,0.745885
201.jpg,0.00786044,0.173294,0.818846
202.jpg,0.0174958,0.171456,0.811048
203.jpg,0.000222512,0.95245,0.0473275
204.jpg,0.00166534,0.0841889,0.914146
205.jpg,0.0784707,0.352465,0.569065
206.jpg,0.0268846,0.511833,0.461282
207.jpg,0.000243413,0.404811,0.594946
208.jpg,0.00278636,0.664546,0.332668
209.jpg,0.0554949,0.411614,0.532891
210.jpg,0.000100001,0.0613867,0.938513
211.jpg,0.00339335,0.41648,0.580127
212.jpg,0.00969227,0.245116,0.745192
213.jpg,0.0252257,0.232495,0.74228
214.jpg,0.00939041,0.0765906,0.914019
215.jpg,0.00306291,0.199452,0.797485
216.jpg,0.00358194,0.666031,0.330387
217.jpg,0.0029764,0.435438,0.561586
218.jpg,0.00107318,0.307633,0.691293
219.jpg,0.031019,0.416679,0.552302
220.jpg,0.00133659,0.810554,0.188109
221.jpg,0.0247075,0.412542,0.562751
222.jpg,0.0140471,0.187949,0.798004
223.jpg,0.0542127,0.332764,0.613023
224.jpg,0.00344309,0.742,0.254557
225.jpg,0.0433758,0.441674,0.51495
226.jpg,0.00369825,0.326158,0.670144
227.jpg,0.00591445,0.753154,0.240931
228.jpg,0.000504657,0.714908,0.284587
229.jpg,0.0731034,0.425606,0.501291
230.jpg,0.00176075,0.78368,0.214559
231.jpg,0.142459,0.0852387,0.772303
232.jpg,0.0720954,0.376059,0.551846
233.jpg,0.043144,0.254251,0.702605
234.jpg,0.0902596,0.290272,0.619468
235.jpg,0.0187574,0.70357,0.277672
236.jpg,0.00328269,0.891555,0.105162
237.jpg,0.0190704,0.45026,0.530669
238.jpg,0.0132062,0.386738,0.600056
239.jpg,0.000619956,0.691659,0.307721
240.jpg,0.00170964,0.0628287,0.935462
241.jpg,0.00143108,0.426047,0.572522
242.jpg,0.00485278,0.667208,0.327939
243.jpg,0.0183532,0.418574,0.563073
244.jpg,0.0212214,0.438415,0.540364
245.jpg,0.00232081,0.139219,0.85846
246.jpg,0.0628805,0.466087,0.471033
247.jpg,0.000553798,0.0240886,0.975358
248.jpg,0.0347898,0.21625,0.74896
249.jpg,0.0037887,0.308169,0.688043
250.jpg,0.0825998,0.347596,0.569804
251.jpg,0.00403922,0.178099,0.817862
252.jpg,0.0320638,0.303414,0.664522
253.jpg,0.0649839,0.359164,0.575852
254.jpg,0.0385456,0.304494,0.656961
255.jpg,0.0135113,0.197433,0.789055
256.jpg,0.00173205,0.0716345,0.926633
257.jpg,0.00252002,0.456602,0.540878
258.jpg,0.0307145,0.308317,0.660969
259.jpg,0.00392048,0.926908,0.0691714
260.jpg,0.0308753,0.402769,0.566355
261.jpg,0.00109394,0.9325,0.0664057
262.jpg,0.00349348,0.331735,0.664772
263.jpg,0.00203241,0.575242,0.422726
264.jpg,0.00665376,0.394443,0.598903
265.jpg,0.0470048,0.372353,0.580642
266.jpg,0.0329906,0.321514,0.645495
267.jpg,0.00345668,0.666775,0.329769
268.jpg,0.000927714,0.525601,0.473471
269.jpg,0.00137689,0.919134,0.0794889
270.jpg,0.00079766,0.0936381,0.905564
271.jpg,0.000339558,0.293979,0.705681
272.jpg,0.00110268,0.210347,0.78855
273.jpg,0.0881806,0.282213,0.629607
274.jpg,0.000269084,0.985325,0.0144061
275.jpg,0.0357407,0.30348,0.660779
276.jpg,0.00618613,0.232153,0.76166
277.jpg,0.00289462,0.259648,0.737457
278.jpg,0.0104161,0.270272,0.719312
279.jpg,0.0495017,0.268547,0.681951
280.jpg,0.0652511,0.364558,0.570191
281.jpg,0.0234587,0.351646,0.624895
282.jpg,0.037475,0.218366,0.744159
283.jpg,0.0771237,0.256003,0.666873
284.jpg,0.0953249,0.44463,0.460045
285.jpg,0.028612,0.715804,0.255584
286.jpg,0.00186686,0.348024,0.650109
287.jpg,0.021459,0.296087,0.682454
288.jpg,0.0183597,0.435129,0.546512
289.jpg,0.0117111,0.159065,0.829224
290.jpg,0.00918572,0.355707,0.635108
291.jpg,0.00209541,0.778425,0.21948
292.jpg,0.0133059,0.829256,0.157438
293.jpg,0.00592612,0.418144,0.575929
294.jpg,0.00247105,0.902687,0.0948417
295.jpg,0.0407911,0.171096,0.788113
296.jpg,2.53682e-05,0.982233,0.0177411
297.jpg,0.0137762,0.364305,0.621919
298.jpg,0.0517495,0.608169,0.340082
299.jpg,0.000797243,0.811289,0.187914
300.jpg,0.0400078,0.397753,0.562239
301.jpg,0.000991066,0.0760553,0.922954
302.jpg,0.0563889,0.389091,0.55452
303.jpg,0.00844439,0.121711,0.869845
304.jpg,0.00134886,0.0990563,0.899595
305.jpg,0.00353543,0.155301,0.841164
306.jpg,0.00587836,0.304517,0.689605
307.jpg,0.0244573,0.25143,0.724113
308.jpg,0.0123083,0.768736,0.218955
309.jpg,0.00770114,0.265375,0.726924
310.jpg,0.0203392,0.181345,0.798316
311.jpg,0.147589,0.0115015,0.840909
312.jpg,0.00235806,0.161243,0.836399
313.jpg,0.0135596,0.905215,0.0812252
314.jpg,0.00145935,0.762455,0.236085
315.jpg,0.00392892,0.877656,0.118415
316.jpg,0.00597545,0.282682,0.711343
317.jpg,0.0273635,0.16918,0.803457
318.jpg,0.00166645,0.277202,0.721131
319.jpg,0.00158433,0.544695,0.453721
320.jpg,0.000293956,0.925776,0.0739298
321.jpg,0.00876938,0.269368,0.721862
322.jpg,0.0116763,0.285669,0.702654
323.jpg,0.00624546,0.116358,0.877396
324.jpg,0.0177324,0.106088,0.87618
325.jpg,0.00269968,0.104305,0.892995
326.jpg,0.00396745,0.594289,0.401744
327.jpg,0.112481,0.363944,0.523575
328.jpg,0.00198297,0.787569,0.210448
329.jpg,0.00499639,0.703973,0.29103
330.jpg,0.00276483,0.320979,0.676256
331.jpg,0.0037211,0.338827,0.657452
332.jpg,0.00382931,0.351007,0.645163
333.jpg,0.00183359,0.280885,0.717281
334.jpg,0.0277639,0.139668,0.832568
335.jpg,0.00109198,0.569849,0.429059
336.jpg,0.0206499,0.189265,0.790085
337.jpg,0.114213,0.614383,0.271403
338.jpg,0.0272059,0.413342,0.559452
339.jpg,0.0493055,0.197756,0.752938
340.jpg,0.00365061,0.434016,0.562334
341.jpg,0.0924319,0.417776,0.489793
342.jpg,0.00429456,0.670367,0.325339
343.jpg,0.0170419,0.523722,0.459236
344.jpg,0.0154131,0.459081,0.525506
345.jpg,0.00579748,0.986841,0.00736177
346.jpg,0.0164929,0.239232,0.744275
347.jpg,0.000310112,0.951916,0.0477736
348.jpg,0.0707846,0.199094,0.730122
349.jpg,0.000245407,0.156115,0.84364
350.jpg,0.0198902,0.394495,0.585615
351.jpg,0.0626339,0.246837,0.69053
352.jpg,0.00365878,0.272667,0.723674
353.jpg,0.00806055,0.0602539,0.931686
354.jpg,0.0131318,0.212275,0.774593
355.jpg,0.053613,0.396755,0.549632
356.jpg,0.00210266,0.176839,0.821059
357.jpg,0.0020016,0.843306,0.154692
358.jpg,0.00488695,0.377707,0.617406
359.jpg,0.0036239,0.152704,0.843672
360.jpg,0.00270929,0.691693,0.305597
361.jpg,0.0149414,0.239512,0.745547
362.jpg,0.0285707,0.626022,0.345407
363.jpg,0.0221869,0.351293,0.62652
364.jpg,0.0297036,0.537408,0.432889
365.jpg,0.00146648,0.449955,0.548578
366.jpg,0.041103,0.362228,0.596669
367.jpg,0.0235201,0.235174,0.741306
368.jpg,1.8012e-05,0.307037,0.692945
369.jpg,0.00571445,0.2481,0.746186
370.jpg,0.0339322,0.367058,0.59901
371.jpg,0.0113509,0.211563,0.777087
372.jpg,0.0252451,0.109582,0.865173
373.jpg,0.0121043,0.228495,0.7594
374.jpg,0.000499068,0.846308,0.153192
375.jpg,0.000545236,0.793772,0.205683
376.jpg,0.00478199,0.153047,0.842171
377.jpg,0.000920064,0.967168,0.0319124
378.jpg,0.0105388,0.632256,0.357205
379.jpg,0.0809174,0.386836,0.532247
380.jpg,0.0552234,0.183167,0.761609
381.jpg,0.0124815,0.3208,0.666718
382.jpg,0.0785181,0.477189,0.444293
383.jpg,0.00272672,0.390979,0.606295
384.jpg,0.0242645,0.281738,0.693997
385.jpg,0.0505612,0.246915,0.702524
386.jpg,0.0828434,0.373909,0.543248
387.jpg,0.00720153,0.206852,0.785946
388.jpg,3.44365e-06,0.140062,0.859934
389.jpg,0.0130182,0.316921,0.670061
390.jpg,0.0476073,0.384752,0.567641
391.jpg,0.0150377,0.0796056,0.905357
392.jpg,0.0237003,0.636719,0.339581
393.jpg,0.0112067,0.282927,0.705866
394.jpg,0.0451606,0.42021,0.53463
395.jpg,0.00110396,0.439691,0.559205
396.jpg,0.00881377,0.229093,0.762094
397.jpg,0.000801814,0.809022,0.190176
398.jpg,0.0262008,0.743525,0.230274
399.jpg,0.054427,0.275073,0.6705
400.jpg,0.0287439,0.269005,0.702251
401.jpg,0.00095422,0.190077,0.808969
402.jpg,0.0117856,0.246422,0.741792
403.jpg,0.0650375,0.183664,0.751298
404.jpg,0.0252085,0.415776,0.559015
405.jpg,0.00287545,0.856736,0.140388
406.jpg,0.0725745,0.305666,0.62176
407.jpg,0.000199385,0.88208,0.117721
408.jpg,0.0621047,0.491092,0.446803
409.jpg,0.0604073,0.308377,0.631215
410.jpg,0.00467482,0.439118,0.556207
411.jpg,0.000965273,0.53161,0.467425
412.jpg,0.00417116,0.549974,0.445855
413.jpg,0.0433715,0.405309,0.551319
414.jpg,0.0315086,0.379987,0.588504
415.jpg,0.00938872,0.202721,0.78789
416.jpg,0.0312229,0.398145,0.570632
417.jpg,0.022842,0.48468,0.492478
418.jpg,0.0360033,0.462295,0.501702
419.jpg,0.00253206,0.0735619,0.923906
420.jpg,0.0061575,0.153908,0.839934
421.jpg,0.000456907,0.703371,0.296172
422.jpg,0.0418444,0.344472,0.613684
423.jpg,0.000465763,0.02069,0.978844
424.jpg,0.01973,0.2475,0.73277
425.jpg,0.0225358,0.228764,0.748701
426.jpg,0.000440097,0.0481344,0.951425
427.jpg,0.000400894,0.134126,0.865473
428.jpg,0.0181881,0.728614,0.253197
429.jpg,0.0768783,0.378138,0.544984
430.jpg,0.00224382,0.0822184,0.915538
431.jpg,0.00869521,0.82462,0.166685
432.jpg,0.0515061,0.349076,0.599417
433.jpg,0.0672323,0.680789,0.251978
434.jpg,0.0111463,0.271067,0.717786
435.jpg,0.0373921,0.330028,0.63258
436.jpg,0.000216201,0.970842,0.0289415
437.jpg,0.000534035,0.930967,0.0684993
438.jpg,0.00866762,0.399827,0.591505
439.jpg,0.0219031,0.285848,0.692249
440.jpg,0.0311906,0.281102,0.687707
441.jpg,0.0471521,0.236516,0.716331
442.jpg,0.0683072,0.404295,0.527397
443.jpg,0.116892,0.339174,0.543935
444.jpg,0.00254707,0.732975,0.264478
445.jpg,0.00328042,0.471749,0.524971
446.jpg,0.00404024,0.703739,0.292221
447.jpg,0.00161456,0.0950861,0.903299
448.jpg,0.0332718,0.166855,0.799873
449.jpg,0.0404119,0.385976,0.573613
450.jpg,0.00738966,0.0984823,0.894128
451.jpg,0.0222656,0.493404,0.48433
452.jpg,0.0427238,0.34348,0.613797
453.jpg,0.382562,0.191363,0.426075
454.jpg,0.00161809,0.256319,0.742063
455.jpg,0.0115197,0.1878,0.80068
456.jpg,0.00543399,0.336484,0.658082
457.jpg,0.0111351,0.152006,0.836858
458.jpg,0.00576362,0.310642,0.683595
459.jpg,0.00124819,0.801989,0.196763
460.jpg,0.00159449,0.603093,0.395312
461.jpg,9.09815e-05,0.540577,0.459332
462.jpg,0.0213,0.674964,0.303736
463.jpg,0.00851058,0.303366,0.688124
464.jpg,0.000306894,0.339515,0.660178
465.jpg,0.00202586,0.769008,0.228966
466.jpg,0.00313057,0.894472,0.102397
467.jpg,0.00299894,0.341005,0.655996
468.jpg,0.0124516,0.533334,0.454214
469.jpg,0.000173099,0.183173,0.816654
470.jpg,0.104106,0.261647,0.634247
471.jpg,0.0493897,0.365636,0.584975
472.jpg,0.00904843,0.184681,0.806271
473.jpg,0.0316199,0.544599,0.423781
474.jpg,0.00373752,0.11468,0.881583
475.jpg,0.0200031,0.369341,0.610656
476.jpg,0.00319815,0.465333,0.531469
477.jpg,0.0394022,0.451119,0.509479
478.jpg,0.00895762,0.735854,0.255188
479.jpg,0.0258305,0.183024,0.791146
480.jpg,0.0437676,0.24799,0.708243
481.jpg,0.00782545,0.27761,0.714565
482.jpg,0.00411421,0.277026,0.71886
483.jpg,0.000873527,0.261312,0.737814
484.jpg,9.92682e-05,0.0595683,0.940332
485.jpg,0.0409686,0.385344,0.573688
486.jpg,0.00147505,0.961795,0.0367298
487.jpg,0.0117313,0.467259,0.52101
488.jpg,0.0249266,0.285576,0.689497
489.jpg,0.0261109,0.781424,0.192465
490.jpg,0.00174329,0.249055,0.749202
491.jpg,0.150757,0.70449,0.144754
492.jpg,0.0153356,0.555331,0.429333
493.jpg,0.104673,0.378456,0.516871
494.jpg,0.000642189,0.577322,0.422035
495.jpg,0.00565896,0.818572,0.175769
496.jpg,0.0527372,0.139724,0.807539
497.jpg,0.0142908,0.235538,0.750171
498.jpg,0.0018572,0.418586,0.579557
499.jpg,0.00169477,0.260674,0.737631
500.jpg,0.039063,0.553478,0.407459
501.jpg,0.0112854,0.355418,0.633296
502.jpg,0.0674943,0.300381,0.632124
503.jpg,0.0303337,0.218952,0.750714
504.jpg,0.00580735,0.183572,0.810621
505.jpg,0.0107918,0.736202,0.253006
506.jpg,0.000734396,0.548475,0.450791
507.jpg,0.0391127,0.356571,0.604317
508.jpg,0.00910998,0.232867,0.758023
509.jpg,0.00714991,0.44928,0.54357
510.jpg,0.0275063,0.18321,0.789284
511.jpg,0.0790514,0.443675,0.477274
