image_name,Type_1,Type_2,Type_3
0.jpg,0.0361463,0.15228,0.811573
1.jpg,0.333424,0.0841254,0.582451
2.jpg,0.149523,0.161343,0.689133
3.jpg,0.00766313,0.00548192,0.986855
4.jpg,0.258814,0.0941101,0.647076
5.jpg,0.0310846,0.548352,0.420563
6.jpg,0.0708159,0.325131,0.604053
7.jpg,0.0313903,0.441459,0.52715
8.jpg,0.0318806,0.255503,0.712616
9.jpg,0.0589675,0.195137,0.745895
10.jpg,0.535309,0.207771,0.256919
11.jpg,0.010824,0.636648,0.352528
12.jpg,0.100303,0.29403,0.605667
13.jpg,0.293722,0.0895969,0.616681
14.jpg,0.269603,0.246692,0.483705
15.jpg,0.0347267,0.056878,0.908395
16.jpg,0.00914114,0.0337592,0.9571
17.jpg,0.204677,0.301425,0.493899
18.jpg,0.0690629,0.84017,0.0907671
19.jpg,0.0850322,0.267907,0.64706
20.jpg,0.11345,0.0423814,0.844169
21.jpg,0.321495,0.31523,0.363275
22.jpg,0.0155092,0.712335,0.272156
23.jpg,0.0978705,0.172491,0.729639
24.jpg,0.0611002,0.815421,0.123479
25.jpg,0.0330288,0.382988,0.583983
26.jpg,0.0397401,0.399904,0.560356
27.jpg,0.039366,0.182124,0.77851
28.jpg,0.037184,0.364307,0.598509
29.jpg,0.0858337,0.12218,0.791987
30.jpg,0.029415,0.153861,0.816724
31.jpg,0.0692833,0.911663,0.0190536
32.jpg,0.0137704,0.914044,0.0721851
33.jpg,0.181753,0.275068,0.543179
34.jpg,0.245948,0.128085,0.625968
35.jpg,0.0375632,0.369687,0.59275
36.jpg,0.000999118,0.853266,0.145735
37.jpg,0.0855499,0.310095,0.604356
38.jpg,0.0746007,0.0907673,0.834632
39.jpg,0.0920272,0.434924,0.473049
40.jpg,0.105345,0.292812,0.601842
41.jpg,0.0132415,0.255006,0.731752
42.jpg,0.00827019,0.973376,0.0183537
43.jpg,0.0710109,0.287333,0.641656
44.jpg,0.104087,0.767237,0.128676
45.jpg,0.0340948,0.274988,0.690917
46.jpg,0.00730477,0.0299993,0.962696
47.jpg,0.0707759,0.369538,0.559686
48.jpg,0.0283201,0.0759825,0.895697
49.jpg,0.0178541,0.745515,0.236631
50.jpg,0.0609808,0.546836,0.392183
51.jpg,0.170145,0.240489,0.589366
52.jpg,0.0344922,0.207959,0.757549
53.jpg,0.102424,0.216533,0.681043
54.jpg,0.0478505,0.806783,0.145367
55.jpg,0.00749367,0.150027,0.842479
56.jpg,0.0426002,0.0495165,0.907883
57.jpg,0.0360627,0.334347,0.629591
58.jpg,0.00563767,0.0341203,0.960242
59.jpg,0.0435994,0.884139,0.0722614
60.jpg,0.286994,0.299999,0.413007
61.jpg,0.0166489,0.131755,0.851596
62.jpg,0.0384853,0.695862,0.265652
63.jpg,0.0491137,0.240118,0.710768
64.jpg,0.0383478,0.203472,0.75818
65.jpg,0.215764,0.778337,0.00589936
66.jpg,0.00711657,0.222381,0.770503
67.jpg,0.0345952,0.29476,0.670645
68.jpg,0.0645677,0.52194,0.413493
69.jpg,0.0117863,0.813928,0.174286
70.jpg,0.0617054,0.472466,0.465829
71.jpg,0.902379,0.0433027,0.0543184
72.jpg,0.0237634,0.398979,0.577257
73.jpg,0.084826,0.147059,0.768115
74.jpg,0.00274333,0.171485,0.825772
75.jpg,0.027895,0.971587,0.00051783
76.jpg,0.132124,0.137177,0.730699
77.jpg,0.423161,0.192331,0.384508
78.jpg,0.0567433,0.582094,0.361162
79.jpg,0.087488,0.463283,0.449229
80.jpg,0.0158359,0.0790967,0.905067
81.jpg,0.0552591,0.0346156,0.910125
82.jpg,0.0256336,0.0517834,0.922583
83.jpg,0.184712,0.378527,0.436761
84.jpg,0.0373471,0.0836702,0.878983
85.jpg,0.138154,0.190867,0.670979
86.jpg,0.0807336,0.0533542,0.865912
87.jpg,0.055339,0.232664,0.711997
88.jpg,0.0898001,0.128952,0.781248
89.jpg,0.013915,0.0594335,0.926651
90.jpg,0.10442,0.842305,0.053275
91.jpg,0.118173,0.392136,0.489691
92.jpg,0.0331575,0.0160992,0.950743
93.jpg,0.561756,0.198078,0.240166
94.jpg,0.0106252,0.887957,0.101418
95.jpg,0.0644386,0.316575,0.618986
96.jpg,0.513699,0.337161,0.149139
97.jpg,0.0348063,0.360492,0.604702
98.jpg,0.0333418,0.966448,0.000209926
99.jpg,0.00434561,0.331573,0.664081
100.jpg,0.680755,0.118917,0.200328
101.jpg,0.00514765,0.156569,0.838284
102.jpg,0.0155801,0.613771,0.370648
103.jpg,0.000420391,0.111671,0.887909
104.jpg,0.0624557,0.110181,0.827364
105.jpg,0.0921204,0.447052,0.460827
106.jpg,0.198278,0.179355,0.622367
107.jpg,0.0671978,0.347115,0.585687
108.jpg,0.397855,0.232071,0.370073
109.jpg,0.0657869,0.32534,0.608873
110.jpg,0.262648,0.541216,0.196136
111.jpg,0.241879,0.311719,0.446402
112.jpg,0.0853369,0.326699,0.587964
113.jpg,0.0400775,0.211348,0.748575
114.jpg,0.0851935,0.338937,0.575869
115.jpg,0.698622,0.067015,0.234363
116.jpg,0.0162122,0.873517,0.110271
117.jpg,0.0631453,0.329639,0.607216
118.jpg,0.0782997,0.228404,0.693296
119.jpg,0.0200482,0.567864,0.412088
120.jpg,0.0175718,0.168139,0.814289
121.jpg,0.0573681,0.901224,0.0414083
122.jpg,0.410592,0.0736574,0.515751
123.jpg,0.0661179,0.486004,0.447878
124.jpg,0.0173289,0.076932,0.905739
125.jpg,0.195664,0.0309211,0.773415
126.jpg,0.521745,0.283607,0.194648
127.jpg,0.0938103,0.695948,0.210241
128.jpg,0.344777,0.648329,0.00689374
129.jpg,0.059854,0.797427,0.142719
130.jpg,0.000475553,0.950518,0.0490068
131.jpg,0.202154,0.210946,0.5869
132.jpg,0.0461925,0.334676,0.619132
133.jpg,0.0203606,0.938996,0.0406431
134.jpg,0.0281159,0.108476,0.863408
135.jpg,0.0828794,0.24229,0.674831
136.jpg,0.137077,0.734134,0.128789
137.jpg,0.207835,0.471083,0.321082
138.jpg,0.0800171,0.32292,0.597063
139.jpg,0.0972538,0.158239,0.744507
140.jpg,0.0923536,0.0535421,0.854104
141.jpg,0.00843204,0.281538,0.71003
142.jpg,0.0822416,0.278876,0.638883
143.jpg,0.093383,0.559184,0.347433
144.jpg,0.594788,0.112536,0.292676
145.jpg,0.159776,0.821981,0.0182428
146.jpg,0.166486,0.608008,0.225505
147.jpg,0.0452219,0.217393,0.737385
148.jpg,0.106045,0.274749,0.619206
149.jpg,0.115003,0.292728,0.592269
150.jpg,0.0149298,0.963059,0.0220113
151.jpg,7.94393e-05,0.00981898,0.990102
152.jpg,0.0770544,0.242309,0.680636
153.jpg,0.139015,0.122646,0.738339
154.jpg,0.0154887,0.160201,0.82431
155.jpg,0.0378568,0.212774,0.749369
156.jpg,0.0971366,0.314535,0.588329
157.jpg,0.00949344,0.847058,0.143449
158.jpg,0.0690884,0.0302869,0.900625
159.jpg,0.0565663,0.691314,0.252119
160.jpg,0.051696,0.166333,0.781971
161.jpg,0.0132809,0.89442,0.0922987
162.jpg,0.00873115,0.811029,0.18024
163.jpg,0.0128028,0.0798924,0.907305
164.jpg,0.0711179,0.206178,0.722704
165.jpg,0.137835,0.428049,0.434116
166.jpg,0.0989695,0.0751052,0.825925
167.jpg,0.0409356,0.0251384,0.933926
168.jpg,0.021622,0.086779,0.891599
169.jpg,0.109672,0.539049,0.351279
170.jpg,0.0925624,0.306051,0.601387
171.jpg,0.514409,0.230485,0.255106
172.jpg,0.022077,0.123522,0.854401
173.jpg,0.0905719,0.552301,0.357128
174.jpg,0.0352722,0.537033,0.427695
175.jpg,0.0986535,0.343619,0.557727
176.jpg,0.060231,0.120494,0.819275
177.jpg,0.103199,0.308862,0.587939
178.jpg,0.0369737,0.39781,0.565217
179.jpg,0.68877,0.203073,0.108157
180.jpg,0.154306,0.247651,0.598044
181.jpg,0.00247137,0.454303,0.543226
182.jpg,0.344275,0.404146,0.25158
183.jpg,0.00119255,0.142536,0.856272
184.jpg,0.062548,0.354873,0.582579
185.jpg,0.0511355,0.1249,0.823964
186.jpg,0.0329332,0.135989,0.831078
187.jpg,0.00322143,0.00379268,0.992986
188.jpg,0.176022,0.0411439,0.782834
189.jpg,0.0535452,0.314616,0.631839
190.jpg,0.216872,0.142369,0.640759
191.jpg,0.460033,0.411274,0.128692
192.jpg,0.0125128,0.101827,0.88566
193.jpg,0.56204,0.376766,0.0611934
194.jpg,0.00490171,0.0231636,0.971935
195.jpg,0.0965524,0.241942,0.661506
196.jpg,0.0602384,0.102919,0.836842
197.jpg,0.0226461,0.805804,0.17155
198.jpg,0.019867,0.00781793,0.972315
199.jpg,0.0474241,0.400603,0.551973
200.jpg,0.131937,0.145909,0.722154
201.jpg,0.00992624,0.0864779,0.903596
202.jpg,0.0566732,0.474711,0.468616
203.jpg,0.0428323,0.750517,0.206651
204.jpg,0.0655908,0.0572661,0.877143
205.jpg,0.0830888,0.270463,0.646449
206.jpg,0.0600271,0.489891,0.450082
207.jpg,0.00145486,0.0165669,0.981978
208.jpg,0.0116684,0.40563,0.582701
209.jpg,0.057342,0.215524,0.727134
210.jpg,0.00805821,0.793066,0.198876
211.jpg,0.111852,0.24987,0.638278
212.jpg,0.0760437,0.140709,0.783247
213.jpg,0.416346,0.201807,0.381847
214.jpg,0.0187677,0.0768777,0.904355
215.jpg,0.0228291,0.0897342,0.887437
216.jpg,0.0777671,0.672119,0.250114
217.jpg,0.0265736,0.236793,0.736633
218.jpg,0.00326502,0.0316883,0.965047
219.jpg,0.0135393,0.154877,0.831584
220.jpg,0.00298161,0.167435,0.829583
221.jpg,0.0170288,0.600738,0.382233
222.jpg,0.0677616,0.217974,0.714265
223.jpg,0.0863596,0.340557,0.573083
224.jpg,0.0350568,0.773172,0.191771
225.jpg,0.0745927,0.372312,0.553095
226.jpg,0.0227509,0.227203,0.750046
227.jpg,0.182478,0.673501,0.144021
228.jpg,0.038625,0.264528,0.696847
229.jpg,0.0546115,0.55422,0.391169
230.jpg,0.00895353,0.970644,0.0204026
231.jpg,0.0484792,0.437068,0.514453
232.jpg,0.0284395,0.275978,0.695582
233.jpg,0.074535,0.396222,0.529243
234.jpg,0.108134,0.291512,0.600354
235.jpg,0.346437,0.475397,0.178165
236.jpg,0.0473224,0.840187,0.11249
237.jpg,0.00722571,0.0347936,0.957981
238.jpg,0.0241665,0.474023,0.50181
239.jpg,0.0908258,0.641471,0.267703
240.jpg,0.0682668,0.245301,0.686432
241.jpg,0.161794,0.313032,0.525174
242.jpg,0.00660193,0.767902,0.225496
243.jpg,0.0481142,0.10506,0.846826
244.jpg,0.0122636,0.507502,0.480235
245.jpg,0.096126,0.581988,0.321886
246.jpg,0.146579,0.158386,0.695035
247.jpg,0.012312,0.0526998,0.934988
248.jpg,0.0152921,0.106692,0.878016
249.jpg,0.0694846,0.269284,0.661232
250.jpg,0.0808013,0.194068,0.725131
251.jpg,0.509024,0.0462505,0.444725
252.jpg,0.0943833,0.309891,0.595725
253.jpg,0.0745299,0.227634,0.697836
254.jpg,0.076415,0.201212,0.722373
255.jpg,0.0398049,0.134735,0.82546
256.jpg,0.00853477,0.0323834,0.959082
257.jpg,0.0546111,0.182503,0.762886
258.jpg,0.0722389,0.278066,0.649695
259.jpg,0.00501013,0.168665,0.826324
260.jpg,0.10806,0.179049,0.712891
261.jpg,0.0346345,0.153496,0.81187
262.jpg,0.0128394,0.108408,0.878753
263.jpg,0.0108656,0.268434,0.7207
264.jpg,0.00962682,0.978209,0.0121637
265.jpg,0.0796746,0.3142,0.606126
266.jpg,0.608014,0.0845859,0.3074
267.jpg,0.552196,0.242451,0.205352
268.jpg,0.0158191,0.2984,0.685781
269.jpg,0.0464391,0.517794,0.435767
270.jpg,0.000192429,0.113598,0.88621
271.jpg,0.0196892,0.0772485,0.903062
272.jpg,0.0335769,0.246251,0.720172
273.jpg,0.0478916,0.370741,0.581368
274.jpg,0.0502488,0.894474,0.0552768
275.jpg,0.0620225,0.200245,0.737732
276.jpg,0.167581,0.416964,0.415455
277.jpg,0.191197,0.348776,0.460027
278.jpg,0.0448852,0.670397,0.284718
279.jpg,0.260184,0.344161,0.395655
280.jpg,0.0735287,0.298578,0.627894
281.jpg,0.0179891,0.258557,0.723454
282.jpg,0.080044,0.407073,0.512883
283.jpg,0.0732737,0.236079,0.690647
284.jpg,0.0934651,0.305665,0.60087
285.jpg,0.539003,0.047199,0.413798
286.jpg,0.00211827,0.826904,0.170978
287.jpg,0.0589973,0.144495,0.796508
288.jpg,0.660857,0.163592,0.175552
289.jpg,0.0488479,0.202956,0.748196
290.jpg,0.43567,0.0161806,0.548149
291.jpg,0.105266,0.104727,0.790007
292.jpg,0.108054,0.462521,0.429424
293.jpg,0.0348074,0.532648,0.432544
294.jpg,0.0647081,0.84146,0.0938316
295.jpg,0.0837352,0.167655,0.74861
296.jpg,0.00102194,0.928171,0.070807
297.jpg,0.080257,0.574453,0.34529
298.jpg,0.87073,0.0279346,0.101336
299.jpg,0.252961,0.651753,0.0952861
300.jpg,0.0569246,0.165382,0.777694
301.jpg,0.0200285,0.511316,0.468655
302.jpg,0.0399969,0.237798,0.722205
303.jpg,0.145295,0.0418202,0.812885
304.jpg,0.0446633,0.101451,0.853886
305.jpg,0.0162509,0.371577,0.612172
306.jpg,0.00967091,0.718234,0.272096
307.jpg,0.373816,0.128353,0.49783
308.jpg,0.0188912,0.660562,0.320547
309.jpg,0.0436334,0.101255,0.855112
310.jpg,0.0377101,0.267933,0.694357
311.jpg,0.874114,0.000350445,0.125536
312.jpg,0.0333767,0.34698,0.619644
313.jpg,0.0606913,0.900391,0.0389174
314.jpg,0.0218025,0.275343,0.702855
315.jpg,0.0848144,0.80851,0.106676
316.jpg,0.249686,0.468217,0.282097
317.jpg,0.010427,0.114064,0.875509
318.jpg,0.0250875,0.393884,0.581029
319.jpg,0.32489,0.270931,0.404179
320.jpg,0.0501718,0.835534,0.114294
321.jpg,0.0341733,0.143186,0.822641
322.jpg,0.032609,0.333864,0.633527
323.jpg,0.0100985,0.0872093,0.902692
324.jpg,0.0617412,0.22531,0.712949
325.jpg,0.0249848,0.0257149,0.9493
326.jpg,0.34574,0.341519,0.312741
327.jpg,0.151067,0.103976,0.744957
328.jpg,0.0278435,0.801787,0.17037
329.jpg,0.065625,0.891805,0.0425699
330.jpg,0.00151403,0.0822586,0.916227
331.jpg,0.0383787,0.179754,0.781868
332.jpg,0.0795258,0.122511,0.797964
333.jpg,0.0041916,0.657066,0.338743
334.jpg,0.00447477,0.110438,0.885087
335.jpg,0.807433,0.155333,0.037234
336.jpg,0.0512016,0.13212,0.816679
337.jpg,0.130748,0.190832,0.67842
338.jpg,0.125499,0.369283,0.505219
339.jpg,0.0612212,0.210548,0.728231
340.jpg,0.0426459,0.398636,0.558718
341.jpg,0.0979171,0.364209,0.537874
342.jpg,0.0258846,0.68376,0.290356
343.jpg,0.0192015,0.10457,0.876228
344.jpg,0.0298122,0.736138,0.23405
345.jpg,0.00667332,0.936712,0.0566144
346.jpg,0.112189,0.124021,0.76379
347.jpg,0.127994,0.63123,0.240776
348.jpg,0.0669927,0.304439,0.628569
349.jpg,0.069217,0.333652,0.597131
350.jpg,0.107999,0.20281,0.689191
351.jpg,0.102795,0.290434,0.606771
352.jpg,0.0672504,0.146498,0.786251
353.jpg,0.0180529,0.540079,0.441868
354.jpg,0.098911,0.20704,0.694049
355.jpg,0.0931429,0.468204,0.438654
356.jpg,0.564914,0.0499871,0.385099
357.jpg,0.133266,0.114961,0.751773
358.jpg,0.0320549,0.649612,0.318333
359.jpg,0.0328507,0.00607938,0.96107
360.jpg,0.0136074,0.619364,0.367028
361.jpg,0.0278309,0.315351,0.656818
362.jpg,0.0241536,0.905048,0.0707985
363.jpg,0.107431,0.359821,0.532748
364.jpg,0.0438065,0.294742,0.661452
365.jpg,0.318832,0.38456,0.296608
366.jpg,0.0889077,0.275417,0.635675
367.jpg,0.0748838,0.406521,0.518595
368.jpg,0.000472545,0.0440448,0.955483
369.jpg,0.101717,0.168408,0.729875
370.jpg,0.03006,0.130398,0.839543
371.jpg,0.0525247,0.171004,0.776472
372.jpg,0.0674966,0.0750671,0.857436
373.jpg,0.0885246,0.134151,0.777325
374.jpg,0.0465756,0.94567,0.00775395
375.jpg,0.0479194,0.381678,0.570403
376.jpg,0.0278309,0.247103,0.725066
377.jpg,0.0302021,0.706476,0.263322
378.jpg,0.0485964,0.11393,0.837473
379.jpg,0.0588775,0.303169,0.637953
380.jpg,0.069368,0.0998442,0.830788
381.jpg,0.206614,0.70817,0.0852156
382.jpg,0.295621,0.0620267,0.642352
383.jpg,0.0970223,0.522339,0.380639
384.jpg,0.0606719,0.32925,0.610079
385.jpg,0.511336,0.0827472,0.405917
386.jpg,0.0709104,0.400732,0.528358
387.jpg,0.00163124,0.0269094,0.971459
388.jpg,0.00062559,0.137261,0.862114
389.jpg,0.0928442,0.224499,0.682657
390.jpg,0.0712669,0.295832,0.632901
391.jpg,0.183267,0.11732,0.699412
392.jpg,0.00270835,0.43113,0.566162
393.jpg,0.111399,0.279926,0.608675
394.jpg,0.0399843,0.0699064,0.890109
395.jpg,0.0670705,0.430029,0.5029
396.jpg,0.0975532,0.295686,0.606761
397.jpg,0.0213974,0.657476,0.321126
398.jpg,0.0157677,0.971521,0.0127113
399.jpg,0.103586,0.328106,0.568309
400.jpg,0.00897565,0.133536,0.857489
401.jpg,0.00142486,0.258826,0.739749
402.jpg,0.0627285,0.114274,0.822998
403.jpg,0.218874,0.149366,0.63176
404.jpg,0.0148596,0.246349,0.738792
405.jpg,0.489839,0.342966,0.167195
406.jpg,0.129451,0.465989,0.40456
407.jpg,0.137406,0.840444,0.0221499
408.jpg,0.404642,0.460845,0.134513
409.jpg,0.06121,0.23668,0.70211
410.jpg,0.0444381,0.141724,0.813837
411.jpg,0.00070307,0.179468,0.819829
412.jpg,0.0091432,0.799283,0.191573
413.jpg,0.0184649,0.3747,0.606835
414.jpg,0.050899,0.173278,0.775823
415.jpg,0.930687,0.00456295,0.0647505
416.jpg,0.0465292,0.312205,0.641266
417.jpg,0.549026,0.227654,0.223319
418.jpg,0.135648,0.432384,0.431968
419.jpg,0.010788,0.168783,0.820429
420.jpg,0.0247829,0.0565618,0.918655
421.jpg,0.0633935,0.286615,0.649992
422.jpg,0.0436315,0.292796,0.663572
423.jpg,0.0172613,0.133197,0.849542
424.jpg,0.0867008,0.0892808,0.824018
425.jpg,0.0630415,0.289813,0.647146
426.jpg,0.174595,0.364611,0.460795
427.jpg,0.000559537,0.109885,0.889555
428.jpg,0.196429,0.564802,0.23877
429.jpg,0.087614,0.314911,0.597475
430.jpg,0.0956676,0.112397,0.791935
431.jpg,0.150147,0.640199,0.209654
432.jpg,0.0517802,0.229168,0.719051
433.jpg,0.323643,0.222467,0.45389
434.jpg,0.0720844,0.332024,0.595892
435.jpg,0.0933796,0.344356,0.562265
436.jpg,0.00259765,0.988344,0.0090583
437.jpg,0.0822478,0.777078,0.140674
438.jpg,0.131221,0.366336,0.502443
439.jpg,0.0528771,0.383094,0.564029
440.jpg,0.0810625,0.346402,0.572535
441.jpg,0.0826482,0.180408,0.736944
442.jpg,0.100185,0.341674,0.558141
443.jpg,0.09094,0.1258,0.78326
444.jpg,0.044271,0.726421,0.229309
445.jpg,0.0487703,0.236194,0.715036
446.jpg,0.00344292,0.642685,0.353872
447.jpg,0.078807,0.100498,0.820695
448.jpg,0.0257406,0.332682,0.641577
449.jpg,0.102944,0.190905,0.706151
450.jpg,0.0817131,0.864692,0.0535947
451.jpg,0.0331037,0.32095,0.645947
452.jpg,0.09008,0.265541,0.644379
453.jpg,0.885111,0.0240703,0.0908184
454.jpg,0.00366331,0.991324,0.00501255
455.jpg,0.38909,0.0316991,0.579211
456.jpg,0.0149596,0.155326,0.829715
457.jpg,0.113176,0.221171,0.665653
458.jpg,0.338915,0.104185,0.5569
459.jpg,0.0259835,0.476583,0.497434
460.jpg,0.0965051,0.272862,0.630633
461.jpg,0.00623502,0.0282813,0.965484
462.jpg,0.128871,0.718599,0.15253
463.jpg,0.13634,0.443584,0.420077
464.jpg,0.00851427,0.096754,0.894732
465.jpg,0.017501,0.646462,0.336037
466.jpg,0.0252401,0.870914,0.103846
467.jpg,0.027528,0.515136,0.457336
468.jpg,0.323666,0.341643,0.334692
469.jpg,0.159687,0.552251,0.288062
470.jpg,0.0904472,0.376891,0.532662
471.jpg,0.10511,0.281908,0.612982
472.jpg,0.082878,0.122291,0.794831
473.jpg,0.051622,0.410126,0.538252
474.jpg,0.140043,0.300548,0.559409
475.jpg,0.0500171,0.40986,0.540123
476.jpg,0.598494,0.236113,0.165393
477.jpg,0.0939869,0.215255,0.690758
478.jpg,0.111967,0.0894052,0.798628
479.jpg,0.0704836,0.356601,0.572915
480.jpg,0.149598,0.145685,0.704717
481.jpg,0.0804984,0.341121,0.578381
482.jpg,0.144634,0.174952,0.680414
483.jpg,0.0110759,0.116945,0.871979
484.jpg,0.045196,0.0405306,0.914273
485.jpg,0.0789329,0.247295,0.673772
486.jpg,0.388572,0.476581,0.134847
487.jpg,0.0146247,0.322873,0.662503
488.jpg,0.0558952,0.15829,0.785815
489.jpg,0.0112728,0.948664,0.0400629
490.jpg,0.0318413,0.529775,0.438384
491.jpg,0.124258,0.872127,0.00361492
492.jpg,0.29336,0.262705,0.443935
493.jpg,0.123663,0.323596,0.552741
494.jpg,0.376397,0.324269,0.299334
495.jpg,0.00917978,0.699662,0.291158
496.jpg,0.114526,0.297409,0.588064
497.jpg,0.0326604,0.173456,0.793884
498.jpg,0.0487063,0.279349,0.671945
499.jpg,0.101681,0.0382186,0.860101
500.jpg,0.589174,0.202029,0.208798
501.jpg,0.0441404,0.206494,0.749365
502.jpg,0.0620455,0.174872,0.763082
503.jpg,0.198375,0.241651,0.559974
504.jpg,0.0200324,0.331803,0.648165
505.jpg,0.0225415,0.775081,0.202377
506.jpg,0.000391583,0.387582,0.612026
507.jpg,0.0678599,0.378352,0.553788
508.jpg,0.0288635,0.161329,0.809807
509.jpg,0.0896666,0.231892,0.678442
510.jpg,0.0571277,0.187504,0.755368
511.jpg,0.0776964,0.292036,0.630267
