image_name,Type_1,Type_2,Type_3
0.jpg,0.0979741,0.345627,0.556398
1.jpg,0.106112,0.34485,0.549038
2.jpg,0.143425,0.545347,0.311228
3.jpg,0.0745964,0.325538,0.599866
4.jpg,0.104858,0.327496,0.567646
5.jpg,0.189966,0.544928,0.265106
6.jpg,0.329917,0.457988,0.212095
7.jpg,0.0530093,0.35696,0.590031
8.jpg,0.154492,0.590481,0.255026
9.jpg,0.113704,0.328547,0.557749
10.jpg,0.223585,0.637183,0.139231
11.jpg,0.139815,0.358706,0.501479
12.jpg,0.0859883,0.335555,0.578457
13.jpg,0.0800022,0.392737,0.527261
14.jpg,0.115561,0.369967,0.514472
15.jpg,0.121728,0.342456,0.535817
16.jpg,0.112294,0.358414,0.529293
17.jpg,0.0878065,0.345155,0.567038
18.jpg,0.224667,0.500205,0.275128
19.jpg,0.109848,0.380607,0.509545
20.jpg,0.2094,0.491027,0.299573
21.jpg,0.254774,0.58205,0.163177
22.jpg,0.12439,0.404416,0.471194
23.jpg,0.0838111,0.320435,0.595754
24.jpg,0.110433,0.385152,0.504415
25.jpg,0.146418,0.355413,0.498169
26.jpg,0.128859,0.458691,0.41245
27.jpg,0.115729,0.345407,0.538864
28.jpg,0.132341,0.352333,0.515326
29.jpg,0.0968384,0.304829,0.598332
30.jpg,0.09261,0.306131,0.601259
31.jpg,0.113152,0.419954,0.466894
32.jpg,0.124314,0.38716,0.488526
33.jpg,0.0901856,0.351985,0.557829
34.jpg,0.0582549,0.278706,0.663039
35.jpg,0.107422,0.381435,0.511143
36.jpg,0.099963,0.520467,0.37957
37.jpg,0.14011,0.304936,0.554954
38.jpg,0.0838212,0.388816,0.527363
39.jpg,0.129908,0.357645,0.512447
40.jpg,0.0982557,0.366864,0.53488
41.jpg,0.10952,0.383267,0.507213
42.jpg,0.14328,0.480055,0.376666
43.jpg,0.12795,0.344469,0.527581
44.jpg,0.12914,0.475814,0.395046
45.jpg,0.13816,0.380917,0.480922
46.jpg,0.0506151,0.273212,0.676173
47.jpg,0.158764,0.532216,0.30902
48.jpg,0.0931151,0.310066,0.596818
49.jpg,0.0867106,0.299937,0.613352
50.jpg,0.113511,0.393878,0.492611
51.jpg,0.206775,0.496162,0.297062
52.jpg,0.112104,0.346826,0.541071
53.jpg,0.0797017,0.329872,0.590426
54.jpg,0.0974232,0.42274,0.479837
55.jpg,0.0542696,0.380688,0.565042
56.jpg,0.117846,0.368675,0.513479
57.jpg,0.0852482,0.364224,0.550528
58.jpg,0.0912214,0.323679,0.585099
59.jpg,0.268997,0.453892,0.277111
60.jpg,0.237594,0.517997,0.244409
61.jpg,0.159966,0.432438,0.407596
62.jpg,0.103099,0.373377,0.523525
63.jpg,0.112784,0.34285,0.544366
64.jpg,0.295476,0.47839,0.226133
65.jpg,0.302382,0.519001,0.178616
66.jpg,0.113126,0.293048,0.593826
67.jpg,0.0926177,0.303123,0.604259
68.jpg,0.146396,0.432256,0.421347
69.jpg,0.0806535,0.374131,0.545215
70.jpg,0.139771,0.37469,0.485538
71.jpg,0.113295,0.345216,0.541489
72.jpg,0.101606,0.544816,0.353577
73.jpg,0.0851901,0.337145,0.577665
74.jpg,0.0955718,0.337675,0.566754
75.jpg,0.1297,0.651292,0.219009
76.jpg,0.124888,0.344164,0.530948
77.jpg,0.0615774,0.328723,0.609699
78.jpg,0.0611851,0.274372,0.664442
79.jpg,0.258808,0.539604,0.201588
80.jpg,0.105198,0.33929,0.555512
81.jpg,0.0708466,0.34346,0.585694
82.jpg,0.143552,0.525572,0.330877
83.jpg,0.0670521,0.323843,0.609105
84.jpg,0.149652,0.366158,0.48419
85.jpg,0.179285,0.378873,0.441842
86.jpg,0.0956481,0.367398,0.536954
87.jpg,0.0836531,0.322255,0.594092
88.jpg,0.180463,0.570529,0.249009
89.jpg,0.0747385,0.318429,0.606832
90.jpg,0.183577,0.530368,0.286054
91.jpg,0.149218,0.454903,0.395879
92.jpg,0.104541,0.312787,0.582673
93.jpg,0.148242,0.398403,0.453355
94.jpg,0.116593,0.481175,0.402232
95.jpg,0.119345,0.336412,0.544243
96.jpg,0.201517,0.635435,0.163048
97.jpg,0.0883209,0.305897,0.605783
98.jpg,0.304755,0.598915,0.0963295
99.jpg,0.0718856,0.363657,0.564457
100.jpg,0.15539,0.511018,0.333592
101.jpg,0.0773321,0.328769,0.593899
102.jpg,0.0736923,0.323265,0.603043
103.jpg,0.114183,0.416615,0.469202
104.jpg,0.114688,0.335146,0.550166
105.jpg,0.0723212,0.320619,0.60706
106.jpg,0.0797006,0.330251,0.590049
107.jpg,0.0978112,0.351792,0.550397
108.jpg,0.0891808,0.318969,0.591851
109.jpg,0.123521,0.315048,0.561431
110.jpg,0.133806,0.563505,0.302689
111.jpg,0.0699287,0.330042,0.600029
112.jpg,0.133778,0.372928,0.493294
113.jpg,0.10445,0.374379,0.521171
114.jpg,0.149642,0.367832,0.482526
115.jpg,0.0950175,0.416516,0.488467
116.jpg,0.1264,0.312977,0.560623
117.jpg,0.135996,0.318823,0.54518
118.jpg,0.0947996,0.340158,0.565042
119.jpg,0.0907309,0.276342,0.632927
120.jpg,0.10708,0.453681,0.439239
121.jpg,0.0936001,0.43947,0.46693
122.jpg,0.0689938,0.289911,0.641096
123.jpg,0.139003,0.561117,0.29988
124.jpg,0.12786,0.383859,0.488281
125.jpg,0.0984544,0.320988,0.580558
126.jpg,0.121403,0.431786,0.44681
127.jpg,0.136645,0.31725,0.546106
128.jpg,0.216176,0.652659,0.131165
129.jpg,0.150953,0.443125,0.405923
130.jpg,0.0369695,0.397798,0.565233
131.jpg,0.078701,0.313055,0.608244
132.jpg,0.146684,0.388827,0.46449
133.jpg,0.104377,0.341632,0.553991
134.jpg,0.143266,0.4866,0.370134
135.jpg,0.0440911,0.260899,0.69501
136.jpg,0.135668,0.573946,0.290386
137.jpg,0.102221,0.399553,0.498226
138.jpg,0.110459,0.320914,0.568627
139.jpg,0.136318,0.584403,0.279279
140.jpg,0.0921826,0.440742,0.467076
141.jpg,0.0843343,0.311786,0.603879
142.jpg,0.263817,0.529983,0.2062
143.jpg,0.137694,0.354701,0.507605
144.jpg,0.146055,0.583239,0.270706
145.jpg,0.169853,0.485638,0.344509
146.jpg,0.139584,0.579565,0.28085
147.jpg,0.108933,0.381495,0.509572
148.jpg,0.0937567,0.359815,0.546428
149.jpg,0.0945241,0.472508,0.432968
150.jpg,0.166894,0.662357,0.170749
151.jpg,0.0468235,0.308485,0.644692
152.jpg,0.108797,0.365601,0.525602
153.jpg,0.0728428,0.293467,0.63369
154.jpg,0.129808,0.648494,0.221697
155.jpg,0.11559,0.497106,0.387304
156.jpg,0.0830131,0.29233,0.624657
157.jpg,0.122589,0.463848,0.413563
158.jpg,0.0734285,0.324159,0.602412
159.jpg,0.16691,0.346513,0.486577
160.jpg,0.168838,0.460084,0.371078
161.jpg,0.118293,0.366905,0.514802
162.jpg,0.134459,0.416432,0.449109
163.jpg,0.0849854,0.382493,0.532522
164.jpg,0.119098,0.363349,0.517553
165.jpg,0.345408,0.523049,0.131543
166.jpg,0.0549087,0.403522,0.541569
167.jpg,0.132942,0.328071,0.538987
168.jpg,0.158793,0.405993,0.435214
169.jpg,0.196672,0.516886,0.286442
170.jpg,0.111575,0.310364,0.57806
171.jpg,0.102784,0.339923,0.557294
172.jpg,0.105404,0.348602,0.545994
173.jpg,0.0912874,0.320603,0.58811
174.jpg,0.163022,0.404412,0.432567
175.jpg,0.11958,0.36158,0.51884
176.jpg,0.137898,0.328224,0.533878
177.jpg,0.141123,0.393841,0.465036
178.jpg,0.10804,0.393364,0.498596
179.jpg,0.158445,0.385467,0.456088
180.jpg,0.116158,0.330578,0.553264
181.jpg,0.124435,0.360186,0.515379
182.jpg,0.0690935,0.306146,0.624761
183.jpg,0.0766764,0.277232,0.646092
184.jpg,0.10448,0.405854,0.489666
185.jpg,0.140963,0.412897,0.446141
186.jpg,0.0990386,0.450199,0.450762
187.jpg,0.0629484,0.331019,0.606033
188.jpg,0.114298,0.333134,0.552568
189.jpg,0.126549,0.39704,0.476411
190.jpg,0.112861,0.401449,0.48569
191.jpg,0.120789,0.379846,0.499366
192.jpg,0.0462599,0.269033,0.684707
193.jpg,0.0829073,0.284833,0.63226
194.jpg,0.133291,0.379921,0.486788
195.jpg,0.157595,0.412254,0.430151
196.jpg,0.265019,0.469167,0.265814
197.jpg,0.115679,0.38859,0.495731
198.jpg,0.0722748,0.369108,0.558617
199.jpg,0.0772238,0.335971,0.586806
200.jpg,0.133621,0.453066,0.413313
201.jpg,0.0697081,0.351395,0.578897
202.jpg,0.0866667,0.338507,0.574826
203.jpg,0.0508988,0.286598,0.662503
204.jpg,0.0622294,0.32233,0.61544
205.jpg,0.133292,0.3576,0.509108
206.jpg,0.0710376,0.329672,0.599291
207.jpg,0.0606521,0.279243,0.660104
208.jpg,0.0955609,0.320466,0.583973
209.jpg,0.106651,0.309875,0.583474
210.jpg,0.0480749,0.273007,0.678918
211.jpg,0.152938,0.38873,0.458332
212.jpg,0.115884,0.411106,0.47301
213.jpg,0.0640955,0.340507,0.595398
214.jpg,0.115365,0.437951,0.446684
215.jpg,0.196485,0.517756,0.285759
216.jpg,0.182462,0.517582,0.299956
217.jpg,0.206223,0.579654,0.214123
218.jpg,0.0845662,0.700456,0.214978
219.jpg,0.0947523,0.291689,0.613559
220.jpg,0.088436,0.638257,0.273308
221.jpg,0.0899421,0.374854,0.535204
222.jpg,0.115112,0.375381,0.509507
223.jpg,0.0971595,0.350442,0.552398
224.jpg,0.108386,0.342457,0.549157
225.jpg,0.128256,0.3926,0.479144
226.jpg,0.0741167,0.321242,0.604642
227.jpg,0.124397,0.372647,0.502955
228.jpg,0.129098,0.645627,0.225275
229.jpg,0.121378,0.318615,0.560007
230.jpg,0.204235,0.429728,0.366037
231.jpg,0.193068,0.468809,0.338123
232.jpg,0.0803143,0.301222,0.618463
233.jpg,0.150403,0.375089,0.474508
234.jpg,0.135323,0.383084,0.481593
235.jpg,0.100814,0.402195,0.496991
236.jpg,0.144616,0.430116,0.425268
237.jpg,0.0902277,0.335091,0.574681
238.jpg,0.108401,0.366596,0.525003
239.jpg,0.154059,0.61242,0.23352
240.jpg,0.065046,0.322606,0.612348
241.jpg,0.23957,0.572683,0.187747
242.jpg,0.0441567,0.246482,0.709361
243.jpg,0.224057,0.58208,0.193863
244.jpg,0.113169,0.397809,0.489022
245.jpg,0.187426,0.517589,0.294985
246.jpg,0.117056,0.320016,0.562928
247.jpg,0.0514904,0.245942,0.702568
248.jpg,0.117222,0.340982,0.541796
249.jpg,0.0909678,0.359113,0.549919
250.jpg,0.116431,0.390918,0.49265
251.jpg,0.137478,0.41148,0.451042
252.jpg,0.116752,0.323578,0.55967
253.jpg,0.108415,0.401834,0.48975
254.jpg,0.131153,0.367641,0.501206
255.jpg,0.115626,0.386872,0.497502
256.jpg,0.0655144,0.321285,0.6132
257.jpg,0.15308,0.410958,0.435963
258.jpg,0.106884,0.313495,0.579621
259.jpg,0.0843622,0.411216,0.504422
260.jpg,0.139053,0.375663,0.485283
261.jpg,0.0699003,0.804321,0.125779
262.jpg,0.102955,0.331222,0.565823
263.jpg,0.077943,0.337085,0.584972
264.jpg,0.0818065,0.33753,0.580664
265.jpg,0.112217,0.305687,0.582096
266.jpg,0.15437,0.440742,0.404888
267.jpg,0.22424,0.592537,0.183223
268.jpg,0.143781,0.579588,0.276631
269.jpg,0.177971,0.610353,0.211675
270.jpg,0.0721074,0.338536,0.589357
271.jpg,0.15499,0.400079,0.44493
272.jpg,0.0951325,0.359121,0.545746
273.jpg,0.129868,0.3538,0.516332
274.jpg,0.1521,0.439241,0.408659
275.jpg,0.0622119,0.352188,0.5856
276.jpg,0.0606972,0.332617,0.606686
277.jpg,0.0890654,0.43138,0.479554
278.jpg,0.118291,0.35908,0.52263
279.jpg,0.112366,0.321225,0.566409
280.jpg,0.130802,0.318192,0.551006
281.jpg,0.108769,0.356595,0.534636
282.jpg,0.0834259,0.336541,0.580033
283.jpg,0.119968,0.324751,0.555281
284.jpg,0.141905,0.374963,0.483132
285.jpg,0.135514,0.43551,0.428976
286.jpg,0.136299,0.379716,0.483985
287.jpg,0.103646,0.353963,0.542392
288.jpg,0.0699076,0.329297,0.600795
289.jpg,0.154301,0.345682,0.500017
290.jpg,0.0866352,0.346999,0.566366
291.jpg,0.162145,0.6237,0.214155
292.jpg,0.174245,0.389166,0.436588
293.jpg,0.169136,0.3871,0.443764
294.jpg,0.241287,0.44986,0.308853
295.jpg,0.109115,0.344355,0.546531
296.jpg,0.139462,0.454181,0.406357
297.jpg,0.0793604,0.319708,0.600932
298.jpg,0.117385,0.385841,0.496774
299.jpg,0.184961,0.507368,0.307671
300.jpg,0.11008,0.404385,0.485534
301.jpg,0.13521,0.380316,0.484474
302.jpg,0.141296,0.342158,0.516546
303.jpg,0.106422,0.342328,0.55125
304.jpg,0.247379,0.478012,0.274609
305.jpg,0.0801974,0.290638,0.629165
306.jpg,0.121581,0.337707,0.540712
307.jpg,0.0913277,0.33548,0.573192
308.jpg,0.207421,0.60968,0.182899
309.jpg,0.0916824,0.331301,0.577017
310.jpg,0.129089,0.398717,0.472194
311.jpg,0.146235,0.502566,0.351198
312.jpg,0.105159,0.544809,0.350032
313.jpg,0.122847,0.397569,0.479584
314.jpg,0.138721,0.550645,0.310634
315.jpg,0.131399,0.357847,0.510753
316.jpg,0.115152,0.293102,0.591746
317.jpg,0.0817627,0.362462,0.555775
318.jpg,0.12577,0.484544,0.389686
319.jpg,0.11439,0.434108,0.451501
320.jpg,0.120226,0.675698,0.204075
321.jpg,0.0753221,0.337924,0.586753
322.jpg,0.10055,0.371126,0.528324
323.jpg,0.107652,0.391572,0.500776
324.jpg,0.129144,0.361762,0.509094
325.jpg,0.0883669,0.45887,0.452763
326.jpg,0.111425,0.351099,0.537476
327.jpg,0.088408,0.30029,0.611302
328.jpg,0.0536596,0.324408,0.621932
329.jpg,0.111926,0.428642,0.459432
330.jpg,0.094778,0.342063,0.563159
331.jpg,0.211584,0.509304,0.279111
332.jpg,0.143531,0.419933,0.436536
333.jpg,0.0592953,0.303576,0.637128
334.jpg,0.0992252,0.354122,0.546653
335.jpg,0.0981198,0.355693,0.546188
336.jpg,0.220412,0.553702,0.225886
337.jpg,0.139963,0.390163,0.469874
338.jpg,0.11381,0.397961,0.488229
339.jpg,0.105742,0.36287,0.531388
340.jpg,0.188487,0.427755,0.383757
341.jpg,0.134291,0.394327,0.471382
342.jpg,0.13998,0.362265,0.497755
343.jpg,0.0909266,0.326703,0.582371
344.jpg,0.0782022,0.385147,0.536651
345.jpg,0.0938576,0.466823,0.439319
346.jpg,0.0577807,0.302796,0.639423
347.jpg,0.190142,0.517061,0.292797
348.jpg,0.11967,0.343488,0.536842
349.jpg,0.0847028,0.307685,0.607613
350.jpg,0.141107,0.369235,0.489657
351.jpg,0.108912,0.363165,0.527923
352.jpg,0.1538,0.423108,0.423092
353.jpg,0.0888681,0.385714,0.525418
354.jpg,0.132785,0.357057,0.510158
355.jpg,0.202498,0.324988,0.472514
356.jpg,0.243401,0.4521,0.304498
357.jpg,0.0335597,0.216917,0.749523
358.jpg,0.0898513,0.509576,0.400573
359.jpg,0.084374,0.291626,0.624
360.jpg,0.119138,0.535169,0.345693
361.jpg,0.0717909,0.348264,0.579945
362.jpg,0.122597,0.466157,0.411246
363.jpg,0.127046,0.373612,0.499342
364.jpg,0.112424,0.317762,0.569814
365.jpg,0.108118,0.420986,0.470897
366.jpg,0.113601,0.317025,0.569373
367.jpg,0.156733,0.408587,0.43468
368.jpg,0.0423499,0.282977,0.674673
369.jpg,0.0864115,0.340223,0.573366
370.jpg,0.131468,0.320191,0.548342
371.jpg,0.192293,0.53718,0.270527
372.jpg,0.0903436,0.327657,0.582
373.jpg,0.142731,0.40508,0.452189
374.jpg,0.0921442,0.348049,0.559807
375.jpg,0.244728,0.519157,0.236115
376.jpg,0.0771648,0.34206,0.580776
377.jpg,0.101211,0.412943,0.485846
378.jpg,0.133231,0.393725,0.473044
379.jpg,0.103949,0.363974,0.532077
380.jpg,0.118561,0.339643,0.541796
381.jpg,0.100058,0.372534,0.527407
382.jpg,0.151659,0.413019,0.435322
383.jpg,0.249109,0.455439,0.295452
384.jpg,0.105573,0.34195,0.552477
385.jpg,0.102683,0.312896,0.584422
386.jpg,0.0954137,0.333541,0.571046
387.jpg,0.119855,0.347129,0.533016
388.jpg,0.0732721,0.305942,0.620786
389.jpg,0.114578,0.43727,0.448153
390.jpg,0.13208,0.335188,0.532731
391.jpg,0.100732,0.354986,0.544283
392.jpg,0.142657,0.336044,0.521299
393.jpg,0.0972323,0.382806,0.519962
394.jpg,0.0912071,0.335083,0.57371
395.jpg,0.081498,0.342065,0.576437
396.jpg,0.159649,0.367755,0.472597
397.jpg,0.139908,0.53658,0.323513
398.jpg,0.147903,0.364208,0.487889
399.jpg,0.10642,0.343158,0.550422
400.jpg,0.0956622,0.298351,0.605987
401.jpg,0.0739953,0.341412,0.584592
402.jpg,0.127667,0.352321,0.520011
403.jpg,0.253938,0.433984,0.312078
404.jpg,0.101095,0.312176,0.586729
405.jpg,0.188346,0.614545,0.197109
406.jpg,0.165215,0.378447,0.456338
407.jpg,0.182474,0.444793,0.372733
408.jpg,0.102228,0.363182,0.534589
409.jpg,0.103444,0.314749,0.581807
410.jpg,0.0931123,0.322317,0.584571
411.jpg,0.104881,0.572074,0.323045
412.jpg,0.112018,0.4055,0.482482
413.jpg,0.102344,0.348837,0.548819
414.jpg,0.103001,0.318846,0.578153
415.jpg,0.19782,0.505573,0.296607
416.jpg,0.146398,0.415195,0.438406
417.jpg,0.0769602,0.327569,0.595471
418.jpg,0.115806,0.339027,0.545167
419.jpg,0.160239,0.467536,0.372225
420.jpg,0.0677135,0.312121,0.620166
421.jpg,0.103313,0.351669,0.545018
422.jpg,0.155913,0.325998,0.51809
423.jpg,0.099281,0.358053,0.542666
424.jpg,0.0675158,0.311369,0.621115
425.jpg,0.105765,0.337906,0.556329
426.jpg,0.103689,0.347027,0.549285
427.jpg,0.0767508,0.37731,0.545939
428.jpg,0.119206,0.580493,0.300301
429.jpg,0.124936,0.308514,0.566549
430.jpg,0.146871,0.385789,0.46734
431.jpg,0.298874,0.594184,0.106943
432.jpg,0.114505,0.335677,0.549818
433.jpg,0.0758379,0.322126,0.602036
434.jpg,0.171634,0.434845,0.393521
435.jpg,0.118582,0.340979,0.540439
436.jpg,0.104187,0.436644,0.45917
437.jpg,0.134782,0.41988,0.445339
438.jpg,0.10972,0.408949,0.481331
439.jpg,0.115833,0.354486,0.52968
440.jpg,0.10219,0.36695,0.53086
441.jpg,0.101087,0.3017,0.597212
442.jpg,0.125516,0.349402,0.525082
443.jpg,0.132433,0.378499,0.489068
444.jpg,0.0904778,0.304617,0.604905
445.jpg,0.0820973,0.355215,0.562688
446.jpg,0.141677,0.367733,0.490591
447.jpg,0.115396,0.364204,0.5204
448.jpg,0.109592,0.376454,0.513954
449.jpg,0.120358,0.401962,0.47768
450.jpg,0.0598783,0.3235,0.616621
451.jpg,0.106492,0.38794,0.505568
452.jpg,0.100065,0.325859,0.574076
453.jpg,0.163966,0.469884,0.366149
454.jpg,0.0836508,0.320902,0.595447
455.jpg,0.0807419,0.363586,0.555672
456.jpg,0.200686,0.566832,0.232482
457.jpg,0.214366,0.466316,0.319319
458.jpg,0.165771,0.442291,0.391938
459.jpg,0.154408,0.5109,0.334692
460.jpg,0.335423,0.556962,0.107615
461.jpg,0.0570451,0.2919,0.651055
462.jpg,0.122475,0.539674,0.337851
463.jpg,0.100007,0.323725,0.576268
464.jpg,0.16416,0.435159,0.400681
465.jpg,0.124479,0.477654,0.397866
466.jpg,0.149426,0.481786,0.368787
467.jpg,0.142193,0.360124,0.497684
468.jpg,0.0760546,0.3291,0.594846
469.jpg,0.082812,0.402548,0.51464
470.jpg,0.135127,0.310841,0.554032
471.jpg,0.172373,0.371711,0.455916
472.jpg,0.123945,0.36672,0.509335
473.jpg,0.133387,0.346789,0.519824
474.jpg,0.0548758,0.352568,0.592556
475.jpg,0.0625432,0.288672,0.648785
476.jpg,0.185289,0.503065,0.311645
477.jpg,0.135308,0.383148,0.481544
478.jpg,0.0700287,0.42296,0.507011
479.jpg,0.0844208,0.329291,0.586289
480.jpg,0.117472,0.44076,0.441767
481.jpg,0.0665633,0.336296,0.597141
482.jpg,0.243014,0.520149,0.236837
483.jpg,0.229746,0.621152,0.149102
484.jpg,0.150541,0.416401,0.433058
485.jpg,0.0922403,0.304433,0.603326
486.jpg,0.122066,0.375609,0.502325
487.jpg,0.123553,0.34514,0.531307
488.jpg,0.0858862,0.33373,0.580384
489.jpg,0.110936,0.503062,0.386002
490.jpg,0.0613654,0.286363,0.652271
491.jpg,0.154647,0.538786,0.306567
492.jpg,0.116432,0.394952,0.488615
493.jpg,0.149996,0.401342,0.448662
494.jpg,0.090345,0.332335,0.57732
495.jpg,0.119922,0.53052,0.349559
496.jpg,0.0961437,0.341432,0.562424
497.jpg,0.143469,0.350924,0.505607
498.jpg,0.183376,0.401589,0.415035
499.jpg,0.0764165,0.338838,0.584746
500.jpg,0.115665,0.33817,0.546165
501.jpg,0.126837,0.32911,0.544052
502.jpg,0.128644,0.41959,0.451766
503.jpg,0.078571,0.29957,0.621859
504.jpg,0.0700365,0.295068,0.634895
505.jpg,0.161287,0.474504,0.364209
506.jpg,0.144493,0.575148,0.280358
507.jpg,0.111622,0.377238,0.511139
508.jpg,0.0960695,0.329714,0.574217
509.jpg,0.1064,0.320021,0.573579
510.jpg,0.127684,0.371963,0.500353
511.jpg,0.110711,0.323132,0.566157
