image_name,Type_1,Type_2,Type_3
0.jpg,0.203643,0.6114,0.184957
1.jpg,0.142098,0.525119,0.332783
2.jpg,0.286755,0.691033,0.0222123
3.jpg,0.368609,0.58185,0.0495413
4.jpg,0.1188,0.49154,0.389661
5.jpg,0.155614,0.689219,0.155167
6.jpg,0.287795,0.64187,0.0703355
7.jpg,0.0821536,0.554791,0.363055
8.jpg,0.153997,0.731816,0.114187
9.jpg,0.0724183,0.65651,0.271071
10.jpg,0.067372,0.629543,0.303085
11.jpg,0.0627733,0.668749,0.268478
12.jpg,0.104324,0.525089,0.370587
13.jpg,0.118511,0.491369,0.39012
14.jpg,0.17703,0.599217,0.223753
15.jpg,0.124556,0.573469,0.301975
16.jpg,0.180312,0.507929,0.311759
17.jpg,0.258572,0.639316,0.102113
18.jpg,0.0999543,0.739443,0.160603
19.jpg,0.0871273,0.5237,0.389172
20.jpg,0.192125,0.696443,0.111431
21.jpg,0.295113,0.640103,0.0647836
22.jpg,0.0714504,0.516287,0.412263
23.jpg,0.132306,0.616863,0.250831
24.jpg,0.132786,0.606976,0.260238
25.jpg,0.167549,0.597263,0.235188
26.jpg,0.131453,0.770097,0.0984504
27.jpg,0.119021,0.581653,0.299326
28.jpg,0.147827,0.761977,0.0901953
29.jpg,0.156329,0.607638,0.236033
30.jpg,0.264073,0.592241,0.143687
31.jpg,0.10436,0.596996,0.298645
32.jpg,0.0669555,0.552542,0.380502
33.jpg,0.147664,0.504479,0.347857
34.jpg,0.105817,0.525782,0.368401
35.jpg,0.290301,0.582734,0.126965
36.jpg,0.217607,0.740314,0.0420787
37.jpg,0.485553,0.474545,0.0399026
38.jpg,0.0725842,0.616676,0.310739
39.jpg,0.296272,0.592392,0.111336
40.jpg,0.140941,0.482281,0.376778
41.jpg,0.117924,0.512583,0.369494
42.jpg,0.0580062,0.606445,0.335549
43.jpg,0.150115,0.527148,0.322737
44.jpg,0.181187,0.533339,0.285474
45.jpg,0.145294,0.496251,0.358455
46.jpg,0.0473306,0.661866,0.290803
47.jpg,0.119787,0.655995,0.224217
48.jpg,0.106137,0.575507,0.318356
49.jpg,0.23821,0.665928,0.0958618
50.jpg,0.0601358,0.526321,0.413544
51.jpg,0.13412,0.722011,0.143869
52.jpg,0.257753,0.672431,0.0698155
53.jpg,0.0735949,0.60831,0.318095
54.jpg,0.0789234,0.52084,0.400237
55.jpg,0.133856,0.446968,0.419176
56.jpg,0.0955492,0.508993,0.395458
57.jpg,0.380251,0.574677,0.0450716
58.jpg,0.127167,0.519995,0.352838
59.jpg,0.107102,0.742766,0.150132
60.jpg,0.175316,0.718323,0.106361
61.jpg,0.348596,0.60499,0.0464135
62.jpg,0.0809029,0.556794,0.362304
63.jpg,0.23464,0.621023,0.144338
64.jpg,0.491766,0.486252,0.0219825
65.jpg,0.383755,0.5937,0.0225452
66.jpg,0.281264,0.514126,0.20461
67.jpg,0.24631,0.64042,0.11327
68.jpg,0.142423,0.532332,0.325244
69.jpg,0.0275418,0.573567,0.398891
70.jpg,0.144408,0.516611,0.338982
71.jpg,0.0380367,0.5213,0.440663
72.jpg,0.210863,0.671504,0.117633
73.jpg,0.151158,0.483643,0.365199
74.jpg,0.124691,0.494399,0.38091
75.jpg,0.113163,0.681363,0.205474
76.jpg,0.139878,0.6235,0.236622
77.jpg,0.140917,0.647257,0.211826
78.jpg,0.122817,0.614759,0.262424
79.jpg,0.0973776,0.626796,0.275826
80.jpg,0.282469,0.618531,0.0989998
81.jpg,0.0701938,0.569552,0.360254
82.jpg,0.157132,0.746223,0.0966451
83.jpg,0.083886,0.5126,0.403514
84.jpg,0.236178,0.598053,0.165769
85.jpg,0.11349,0.719096,0.167414
86.jpg,0.162118,0.481425,0.356457
87.jpg,0.261154,0.557728,0.181118
88.jpg,0.225525,0.694153,0.0803223
89.jpg,0.101306,0.534299,0.364395
90.jpg,0.105384,0.53175,0.362866
91.jpg,0.2237,0.679328,0.0969713
92.jpg,0.0744044,0.585432,0.340163
93.jpg,0.100819,0.522957,0.376224
94.jpg,0.240285,0.594133,0.165581
95.jpg,0.229818,0.583874,0.186308
96.jpg,0.0951244,0.581709,0.323167
97.jpg,0.486069,0.440387,0.0735436
98.jpg,0.277964,0.70738,0.0146564
99.jpg,0.0464247,0.566306,0.387269
100.jpg,0.36905,0.553499,0.0774518
101.jpg,0.117097,0.665208,0.217695
102.jpg,0.149694,0.570703,0.279603
103.jpg,0.0833647,0.537502,0.379133
104.jpg,0.0844797,0.617481,0.298039
105.jpg,0.108969,0.521422,0.36961
106.jpg,0.0639437,0.629277,0.306779
107.jpg,0.0660648,0.543455,0.390481
108.jpg,0.179902,0.626384,0.193714
109.jpg,0.153247,0.560158,0.286594
110.jpg,0.218356,0.600636,0.181008
111.jpg,0.150249,0.507537,0.342215
112.jpg,0.104915,0.548142,0.346943
113.jpg,0.117971,0.652726,0.229303
114.jpg,0.127614,0.486737,0.385648
115.jpg,0.104791,0.549969,0.34524
116.jpg,0.133419,0.555899,0.310682
117.jpg,0.418905,0.529332,0.0517631
118.jpg,0.186605,0.594868,0.218527
119.jpg,0.0782445,0.667131,0.254625
120.jpg,0.152729,0.629147,0.218124
121.jpg,0.134612,0.483284,0.382104
122.jpg,0.133163,0.488186,0.378651
123.jpg,0.134,0.646485,0.219515
124.jpg,0.0981621,0.513839,0.387999
125.jpg,0.05819,0.536907,0.404903
126.jpg,0.0490638,0.548939,0.401997
127.jpg,0.102975,0.630695,0.26633
128.jpg,0.1567,0.649271,0.194029
129.jpg,0.0793959,0.600557,0.320047
130.jpg,0.117407,0.662926,0.219667
131.jpg,0.0628316,0.581324,0.355844
132.jpg,0.0948396,0.544292,0.360869
133.jpg,0.163486,0.524056,0.312458
134.jpg,0.121114,0.607189,0.271697
135.jpg,0.123612,0.50908,0.367309
136.jpg,0.0870078,0.601716,0.311276
137.jpg,0.0830734,0.546351,0.370576
138.jpg,0.233582,0.590803,0.175614
139.jpg,0.237532,0.693458,0.0690102
140.jpg,0.219464,0.594527,0.186009
141.jpg,0.135761,0.517021,0.347218
142.jpg,0.264112,0.69569,0.0401974
143.jpg,0.105962,0.511431,0.382607
144.jpg,0.226959,0.660031,0.113009
145.jpg,0.139948,0.527327,0.332725
146.jpg,0.157397,0.540112,0.302492
147.jpg,0.198871,0.588088,0.213041
148.jpg,0.280762,0.681214,0.0380239
149.jpg,0.100127,0.723876,0.175997
150.jpg,0.257065,0.622955,0.11998
151.jpg,0.132805,0.48231,0.384884
152.jpg,0.0925578,0.518957,0.388485
153.jpg,0.109651,0.573949,0.3164
154.jpg,0.207988,0.719722,0.0722906
155.jpg,0.0940019,0.732019,0.173979
156.jpg,0.21812,0.598732,0.183148
157.jpg,0.128852,0.601721,0.269427
158.jpg,0.0795269,0.744225,0.176248
159.jpg,0.306657,0.560969,0.132374
160.jpg,0.604192,0.386797,0.0090115
161.jpg,0.0576711,0.57091,0.371419
162.jpg,0.166179,0.554304,0.279517
163.jpg,0.0440638,0.666672,0.289264
164.jpg,0.173505,0.537654,0.288841
165.jpg,0.108862,0.701985,0.189153
166.jpg,0.147058,0.696281,0.156661
167.jpg,0.288142,0.620023,0.0918344
168.jpg,0.223094,0.674909,0.101997
169.jpg,0.202269,0.621613,0.176118
170.jpg,0.258637,0.67938,0.0619827
171.jpg,0.128876,0.506281,0.364843
172.jpg,0.245235,0.625301,0.129464
173.jpg,0.0973243,0.506702,0.395974
174.jpg,0.158942,0.672789,0.168269
175.jpg,0.0714105,0.512101,0.416488
176.jpg,0.130459,0.574612,0.29493
177.jpg,0.20582,0.608685,0.185495
178.jpg,0.117322,0.512803,0.369875
179.jpg,0.3178,0.530462,0.151738
180.jpg,0.164225,0.52616,0.309615
181.jpg,0.111057,0.562461,0.326482
182.jpg,0.0786803,0.509533,0.411787
183.jpg,0.387403,0.561328,0.0512686
184.jpg,0.107344,0.513448,0.379208
185.jpg,0.18545,0.628874,0.185677
186.jpg,0.111943,0.612263,0.275794
187.jpg,0.13083,0.519791,0.34938
188.jpg,0.31826,0.554733,0.127006
189.jpg,0.123714,0.495767,0.380519
190.jpg,0.059713,0.521775,0.418512
191.jpg,0.13655,0.550842,0.312607
192.jpg,0.218921,0.635279,0.1458
193.jpg,0.412835,0.549969,0.0371964
194.jpg,0.118284,0.549533,0.332182
195.jpg,0.102157,0.522419,0.375424
196.jpg,0.0711222,0.647359,0.281519
197.jpg,0.242297,0.697624,0.060079
198.jpg,0.203977,0.463121,0.332902
199.jpg,0.252445,0.648733,0.0988217
200.jpg,0.115202,0.588786,0.296012
201.jpg,0.136358,0.731095,0.132547
202.jpg,0.0929776,0.609772,0.29725
203.jpg,0.219254,0.549503,0.231243
204.jpg,0.116124,0.510244,0.373632
205.jpg,0.106722,0.531475,0.361803
206.jpg,0.218337,0.619747,0.161916
207.jpg,0.0957127,0.551087,0.3532
208.jpg,0.0553662,0.557095,0.387538
209.jpg,0.332304,0.491234,0.176463
210.jpg,0.28899,0.516846,0.194164
211.jpg,0.226528,0.63698,0.136492
212.jpg,0.177254,0.669701,0.153046
213.jpg,0.0653471,0.55331,0.381343
214.jpg,0.172916,0.703275,0.123809
215.jpg,0.234441,0.730056,0.0355035
216.jpg,0.084906,0.758175,0.156919
217.jpg,0.193516,0.674989,0.131495
218.jpg,0.130241,0.513909,0.35585
219.jpg,0.292764,0.481272,0.225964
220.jpg,0.223838,0.631243,0.144919
221.jpg,0.134025,0.478736,0.387239
222.jpg,0.131186,0.487193,0.381621
223.jpg,0.0842733,0.542966,0.372761
224.jpg,0.158779,0.546075,0.295147
225.jpg,0.128673,0.698666,0.172661
226.jpg,0.280279,0.596995,0.122725
227.jpg,0.161731,0.472536,0.365733
228.jpg,0.248653,0.652384,0.0989629
229.jpg,0.552598,0.429345,0.0180566
230.jpg,0.157881,0.650615,0.191504
231.jpg,0.373681,0.593718,0.0326008
232.jpg,0.173854,0.691579,0.134566
233.jpg,0.575999,0.404918,0.0190837
234.jpg,0.136189,0.481329,0.382481
235.jpg,0.197016,0.653638,0.149346
236.jpg,0.170763,0.479099,0.350138
237.jpg,0.137487,0.492075,0.370438
238.jpg,0.14154,0.605842,0.252618
239.jpg,0.249515,0.669277,0.0812078
240.jpg,0.0951846,0.50999,0.394826
241.jpg,0.196722,0.742875,0.0604023
242.jpg,0.0957584,0.567679,0.336562
243.jpg,0.219937,0.668779,0.111285
244.jpg,0.0797459,0.583821,0.336433
245.jpg,0.131776,0.663527,0.204696
246.jpg,0.102213,0.692791,0.204996
247.jpg,0.137717,0.468813,0.39347
248.jpg,0.29511,0.6077,0.0971904
249.jpg,0.112463,0.507016,0.380521
250.jpg,0.0603233,0.576411,0.363265
251.jpg,0.109025,0.561929,0.329047
252.jpg,0.30819,0.60536,0.0864507
253.jpg,0.121072,0.491997,0.386931
254.jpg,0.12056,0.523425,0.356015
255.jpg,0.205215,0.614892,0.179893
256.jpg,0.0612515,0.556198,0.38255
257.jpg,0.183339,0.726198,0.0904628
258.jpg,0.117264,0.517568,0.365167
259.jpg,0.0592936,0.51261,0.428097
260.jpg,0.162393,0.667193,0.170414
261.jpg,0.224834,0.620043,0.155123
262.jpg,0.40485,0.544299,0.0508517
263.jpg,0.161578,0.670426,0.167997
264.jpg,0.033619,0.525288,0.441093
265.jpg,0.353506,0.552694,0.0937996
266.jpg,0.0850068,0.524379,0.390614
267.jpg,0.119519,0.651349,0.229131
268.jpg,0.101998,0.609987,0.288015
269.jpg,0.358696,0.596024,0.0452795
270.jpg,0.119052,0.48725,0.393698
271.jpg,0.543369,0.443411,0.0132194
272.jpg,0.10444,0.533417,0.362143
273.jpg,0.110893,0.59187,0.297238
274.jpg,0.153091,0.494446,0.352462
275.jpg,0.132173,0.505025,0.362802
276.jpg,0.181514,0.545943,0.272543
277.jpg,0.373504,0.552565,0.0739305
278.jpg,0.15222,0.507798,0.339981
279.jpg,0.0669758,0.557451,0.375573
280.jpg,0.339116,0.57184,0.0890449
281.jpg,0.181493,0.645505,0.173002
282.jpg,0.197417,0.638838,0.163745
283.jpg,0.229332,0.553268,0.2174
284.jpg,0.195027,0.511491,0.293482
285.jpg,0.205515,0.647942,0.146543
286.jpg,0.154646,0.552982,0.292371
287.jpg,0.0977294,0.530293,0.371977
288.jpg,0.0790454,0.524445,0.39651
289.jpg,0.123265,0.736431,0.140304
290.jpg,0.128408,0.567589,0.304003
291.jpg,0.36195,0.611416,0.0266338
292.jpg,0.0572509,0.59409,0.348659
293.jpg,0.298533,0.609889,0.0915786
294.jpg,0.179247,0.682916,0.137836
295.jpg,0.106891,0.596857,0.296252
296.jpg,0.141775,0.492226,0.365998
297.jpg,0.208669,0.648444,0.142887
298.jpg,0.0808742,0.65438,0.264746
299.jpg,0.222168,0.544982,0.232849
300.jpg,0.0304593,0.671737,0.297804
301.jpg,0.138976,0.487528,0.373496
302.jpg,0.223744,0.571736,0.20452
303.jpg,0.107751,0.577284,0.314965
304.jpg,0.137874,0.752524,0.109602
305.jpg,0.2617,0.639783,0.0985174
306.jpg,0.213778,0.659649,0.126572
307.jpg,0.0613193,0.52681,0.411871
308.jpg,0.274922,0.63251,0.0925677
309.jpg,0.0662495,0.575946,0.357805
310.jpg,0.121635,0.5054,0.372965
311.jpg,0.134915,0.551177,0.313908
312.jpg,0.338105,0.592381,0.0695132
313.jpg,0.169275,0.542379,0.288346
314.jpg,0.223721,0.684826,0.0914522
315.jpg,0.130119,0.648983,0.220898
316.jpg,0.377746,0.566325,0.0559298
317.jpg,0.111388,0.49876,0.389852
318.jpg,0.153002,0.579989,0.267009
319.jpg,0.0999878,0.514575,0.385437
320.jpg,0.250885,0.622027,0.127088
321.jpg,0.15385,0.549873,0.296277
322.jpg,0.103695,0.511649,0.384656
323.jpg,0.117405,0.734972,0.147623
324.jpg,0.34007,0.598333,0.0615969
325.jpg,0.144428,0.616862,0.23871
326.jpg,0.120404,0.500006,0.37959
327.jpg,0.110394,0.53883,0.350776
328.jpg,0.104777,0.515543,0.37968
329.jpg,0.112505,0.511517,0.375978
330.jpg,0.106322,0.654609,0.239069
331.jpg,0.263415,0.687974,0.048611
332.jpg,0.293501,0.620459,0.0860406
333.jpg,0.115519,0.495765,0.388716
334.jpg,0.179461,0.532605,0.287934
335.jpg,0.114438,0.595199,0.290363
336.jpg,0.0923749,0.636046,0.271579
337.jpg,0.178474,0.505942,0.315584
338.jpg,0.131614,0.639274,0.229111
339.jpg,0.133724,0.482199,0.384077
340.jpg,0.55603,0.428288,0.0156821
341.jpg,0.110384,0.510098,0.379519
342.jpg,0.0606673,0.629709,0.309624
343.jpg,0.11189,0.529806,0.358304
344.jpg,0.0732645,0.684287,0.242448
345.jpg,0.0523685,0.580111,0.367521
346.jpg,0.165258,0.602762,0.23198
347.jpg,0.333042,0.587894,0.0790644
348.jpg,0.0941103,0.469245,0.436645
349.jpg,0.149904,0.618958,0.231138
350.jpg,0.115595,0.545055,0.33935
351.jpg,0.116202,0.499451,0.384347
352.jpg,0.24929,0.569458,0.181251
353.jpg,0.119337,0.499613,0.38105
354.jpg,0.160516,0.716531,0.122953
355.jpg,0.485714,0.471235,0.0430512
356.jpg,0.242007,0.647994,0.109999
357.jpg,0.119938,0.57992,0.300141
358.jpg,0.226843,0.596651,0.176507
359.jpg,0.0802634,0.56616,0.353576
360.jpg,0.206542,0.617137,0.17632
361.jpg,0.12695,0.509082,0.363968
362.jpg,0.0553417,0.593266,0.351393
363.jpg,0.119909,0.51932,0.360771
364.jpg,0.101972,0.622889,0.27514
365.jpg,0.134921,0.538576,0.326503
366.jpg,0.130665,0.600747,0.268589
367.jpg,0.289881,0.648624,0.0614946
368.jpg,0.158982,0.735794,0.105224
369.jpg,0.181139,0.56275,0.256111
370.jpg,0.241933,0.66069,0.0973769
371.jpg,0.163548,0.665674,0.170778
372.jpg,0.151563,0.556548,0.291889
373.jpg,0.237786,0.627843,0.134371
374.jpg,0.0822858,0.501504,0.41621
375.jpg,0.174867,0.735888,0.0892451
376.jpg,0.0739651,0.519451,0.406584
377.jpg,0.145757,0.501909,0.352334
378.jpg,0.186334,0.527467,0.286199
379.jpg,0.193875,0.519063,0.287062
380.jpg,0.0786868,0.635275,0.286038
381.jpg,0.062873,0.55493,0.382197
382.jpg,0.449984,0.530244,0.0197719
383.jpg,0.166745,0.637679,0.195577
384.jpg,0.238234,0.694146,0.0676192
385.jpg,0.225993,0.643743,0.130264
386.jpg,0.124256,0.500824,0.37492
387.jpg,0.239377,0.582974,0.177648
388.jpg,0.259326,0.669282,0.0713917
389.jpg,0.139992,0.50379,0.356217
390.jpg,0.243893,0.65848,0.0976264
391.jpg,0.138416,0.488484,0.3731
392.jpg,0.0829196,0.566232,0.350848
393.jpg,0.123641,0.501769,0.37459
394.jpg,0.197207,0.585627,0.217167
395.jpg,0.0783385,0.571921,0.349741
396.jpg,0.399085,0.554747,0.0461675
397.jpg,0.178543,0.717056,0.104401
398.jpg,0.0995577,0.531667,0.368775
399.jpg,0.0744733,0.700715,0.224812
400.jpg,0.256136,0.671202,0.0726617
401.jpg,0.0997103,0.508228,0.392062
402.jpg,0.331682,0.614944,0.0533743
403.jpg,0.324852,0.635644,0.0395046
404.jpg,0.378674,0.599773,0.0215529
405.jpg,0.523003,0.465279,0.0117187
406.jpg,0.348844,0.574673,0.0764831
407.jpg,0.117928,0.581355,0.300717
408.jpg,0.100868,0.51006,0.389072
409.jpg,0.251983,0.675957,0.0720598
410.jpg,0.172028,0.589137,0.238834
411.jpg,0.201585,0.592745,0.205669
412.jpg,0.172108,0.643601,0.184291
413.jpg,0.117406,0.501681,0.380913
414.jpg,0.307062,0.624777,0.0681608
415.jpg,0.136249,0.592566,0.271185
416.jpg,0.124309,0.682963,0.192728
417.jpg,0.167274,0.688513,0.144214
418.jpg,0.0890886,0.565778,0.345134
419.jpg,0.105666,0.724348,0.169986
420.jpg,0.102611,0.487791,0.409598
421.jpg,0.134614,0.683973,0.181413
422.jpg,0.221065,0.682709,0.0962259
423.jpg,0.101811,0.60685,0.291339
424.jpg,0.125631,0.620969,0.253401
425.jpg,0.2108,0.591765,0.197435
426.jpg,0.0931442,0.541785,0.365071
427.jpg,0.133613,0.500584,0.365803
428.jpg,0.0998384,0.57922,0.320942
429.jpg,0.539883,0.413546,0.0465714
430.jpg,0.150365,0.562307,0.287328
431.jpg,0.12,0.673852,0.206148
432.jpg,0.239213,0.617994,0.142794
433.jpg,0.0982483,0.471512,0.43024
434.jpg,0.530574,0.458848,0.0105778
435.jpg,0.147199,0.547054,0.305748
436.jpg,0.156461,0.53569,0.307849
437.jpg,0.195633,0.533532,0.270835
438.jpg,0.202859,0.573971,0.22317
439.jpg,0.170625,0.5421,0.287275
440.jpg,0.104941,0.504029,0.39103
441.jpg,0.389624,0.567252,0.0431243
442.jpg,0.508285,0.438533,0.0531823
443.jpg,0.158671,0.615675,0.225654
444.jpg,0.210758,0.664113,0.125129
445.jpg,0.0361543,0.620503,0.343343
446.jpg,0.171646,0.614711,0.213643
447.jpg,0.206272,0.533687,0.260041
448.jpg,0.092041,0.513543,0.394416
449.jpg,0.126655,0.664804,0.208541
450.jpg,0.0971017,0.524182,0.378716
451.jpg,0.103304,0.676774,0.219923
452.jpg,0.108847,0.48839,0.402764
453.jpg,0.15145,0.752111,0.0964388
454.jpg,0.250969,0.589554,0.159477
455.jpg,0.02737,0.58867,0.38396
456.jpg,0.403461,0.53923,0.0573093
457.jpg,0.191922,0.706794,0.101284
458.jpg,0.172481,0.549685,0.277835
459.jpg,0.30497,0.643005,0.0520249
460.jpg,0.174296,0.659579,0.166125
461.jpg,0.102395,0.49678,0.400825
462.jpg,0.0438615,0.566615,0.389523
463.jpg,0.0652427,0.559798,0.37496
464.jpg,0.477891,0.50393,0.0181788
465.jpg,0.193271,0.559989,0.24674
466.jpg,0.279272,0.619739,0.100989
467.jpg,0.176651,0.721205,0.102144
468.jpg,0.11634,0.613146,0.270513
469.jpg,0.116764,0.502058,0.381179
470.jpg,0.204149,0.671694,0.124156
471.jpg,0.179791,0.699655,0.120554
472.jpg,0.115246,0.541973,0.342781
473.jpg,0.213171,0.640883,0.145947
474.jpg,0.0298071,0.537561,0.432631
475.jpg,0.177957,0.731598,0.0904451
476.jpg,0.0970797,0.711707,0.191213
477.jpg,0.231268,0.58955,0.179182
478.jpg,0.251473,0.666806,0.0817208
479.jpg,0.113754,0.517703,0.368542
480.jpg,0.0720164,0.665043,0.262941
481.jpg,0.156812,0.474834,0.368353
482.jpg,0.340358,0.634252,0.0253906
483.jpg,0.44972,0.527901,0.0223792
484.jpg,0.0788189,0.532741,0.38844
485.jpg,0.287138,0.585129,0.127734
486.jpg,0.150165,0.57415,0.275685
487.jpg,0.244654,0.693699,0.0616475
488.jpg,0.0517277,0.570824,0.377449
489.jpg,0.152703,0.501331,0.345966
490.jpg,0.124553,0.532183,0.343263
491.jpg,0.0883083,0.520249,0.391442
492.jpg,0.274185,0.574302,0.151513
493.jpg,0.303223,0.59426,0.102517
494.jpg,0.0777027,0.635639,0.286658
495.jpg,0.1334,0.511038,0.355561
496.jpg,0.130567,0.483702,0.385731
497.jpg,0.372787,0.56973,0.0574826
498.jpg,0.123175,0.734631,0.142194
499.jpg,0.0779057,0.515252,0.406843
500.jpg,0.0957247,0.575374,0.328902
501.jpg,0.293601,0.602713,0.103686
502.jpg,0.102787,0.486273,0.41094
503.jpg,0.2693,0.608831,0.121868
504.jpg,0.0826829,0.535118,0.382199
505.jpg,0.246179,0.662207,0.0916141
506.jpg,0.131219,0.756581,0.1122
507.jpg,0.169486,0.524857,0.305657
508.jpg,0.180498,0.62806,0.191442
509.jpg,0.0479929,0.573924,0.378084
510.jpg,0.14993,0.513646,0.336424
511.jpg,0.200505,0.550195,0.2493
